0.000035 -0.024773
0.000106 -0.024577
0.000177 -0.024381
0.000247 -0.024185
0.000318 -0.023989
0.000389 -0.023793
0.000459 -0.023597
0.000530 -0.023401
0.000602 -0.023205
0.000675 -0.023009
0.000751 -0.022813
0.000834 -0.022617
0.000923 -0.022421
0.001018 -0.022226
0.001119 -0.022030
0.001223 -0.021834
0.001329 -0.021638
0.001435 -0.021442
0.001541 -0.021246
0.001649 -0.021050
0.001759 -0.020854
0.001875 -0.020658
0.001997 -0.020462
0.002127 -0.020266
0.002266 -0.020070
0.002413 -0.019874
0.002568 -0.019678
0.002733 -0.019482
0.002906 -0.019286
0.003088 -0.019091
0.003281 -0.018895
0.003487 -0.018699
0.003707 -0.018503
0.003944 -0.018307
0.004197 -0.018111
0.004468 -0.017915
0.004756 -0.017719
0.005063 -0.017523
0.005391 -0.017327
0.005741 -0.017131
0.006113 -0.016935
0.006506 -0.016739
0.006921 -0.016543
0.007362 -0.016347
0.007839 -0.016151
0.008356 -0.015955
0.008911 -0.015760
0.009499 -0.015564
0.010118 -0.015368
0.010768 -0.015172
0.011456 -0.014976
0.012187 -0.014780
0.012965 -0.014584
0.013790 -0.014388
0.014660 -0.014192
0.015575 -0.013996
0.016534 -0.013800
0.017539 -0.013604
0.018602 -0.013408
0.019737 -0.013212
0.020958 -0.013016
0.022272 -0.012820
0.023677 -0.012625
0.025179 -0.012429
0.026794 -0.012233
0.028564 -0.012037
0.030534 -0.011841
0.032716 -0.011645
0.035093 -0.011449
0.037657 -0.011253
0.040424 -0.011057
0.043432 -0.010861
0.046716 -0.010665
0.050296 -0.010469
0.054175 -0.010273
0.058342 -0.010077
0.062788 -0.009881
0.067507 -0.009685
0.072496 -0.009490
0.077757 -0.009294
0.083290 -0.009098
0.089091 -0.008902
0.095155 -0.008706
0.101478 -0.008510
0.108057 -0.008314
0.114889 -0.008118
0.121965 -0.007922
0.129272 -0.007726
0.136801 -0.007530
0.144556 -0.007334
0.152550 -0.007138
0.160801 -0.006942
0.169317 -0.006746
0.178084 -0.006550
0.187071 -0.006354
0.196244 -0.006159
0.205588 -0.005963
0.215104 -0.005767
0.224798 -0.005571
0.234672 -0.005375
0.244709 -0.005179
0.254875 -0.004983
0.265143 -0.004787
0.275494 -0.004591
0.285913 -0.004395
0.296381 -0.004199
0.306874 -0.004003
0.317370 -0.003807
0.327845 -0.003611
0.338268 -0.003415
0.348607 -0.003219
0.358848 -0.003024
0.368986 -0.002828
0.379022 -0.002632
0.388946 -0.002436
0.398736 -0.002240
0.408372 -0.002044
0.417850 -0.001848
0.427180 -0.001652
0.436371 -0.001456
0.445409 -0.001260
0.454256 -0.001064
0.462900 -0.000868
0.471379 -0.000672
0.479729 -0.000476
0.487948 -0.000280
0.496006 -0.000084
0.503869 0.000112
0.511522 0.000307
0.518970 0.000503
0.526220 0.000699
0.533275 0.000895
0.540133 0.001091
0.546793 0.001287
0.553252 0.001483
0.559508 0.001679
0.565559 0.001875
0.571409 0.002071
0.577065 0.002267
0.582533 0.002463
0.587820 0.002659
0.592931 0.002855
0.597872 0.003051
0.602652 0.003247
0.607285 0.003442
0.611786 0.003638
0.616165 0.003834
0.620425 0.004030
0.624568 0.004226
0.628609 0.004422
0.632564 0.004618
0.636446 0.004814
0.640258 0.005010
0.644001 0.005206
0.647677 0.005402
0.651292 0.005598
0.654853 0.005794
0.658366 0.005990
0.661835 0.006186
0.665261 0.006382
0.668641 0.006577
0.671976 0.006773
0.675270 0.006969
0.678530 0.007165
0.681762 0.007361
0.684969 0.007557
0.688151 0.007753
0.691304 0.007949
0.694430 0.008145
0.697534 0.008341
0.700624 0.008537
0.703705 0.008733
0.706781 0.008929
0.709856 0.009125
0.712930 0.009321
0.716003 0.009517
0.719077 0.009713
0.722150 0.009908
0.725224 0.010104
0.728298 0.010300
0.731371 0.010496
0.734445 0.010692
0.737518 0.010888
0.740592 0.011084
0.743664 0.011280
0.746734 0.011476
0.749798 0.011672
0.752850 0.011868
0.755885 0.012064
0.758898 0.012260
0.761887 0.012456
0.764851 0.012652
0.767789 0.012848
0.770697 0.013043
0.773567 0.013239
0.776392 0.013435
0.779164 0.013631
0.781884 0.013827
0.784558 0.014023
0.787193 0.014219
0.789788 0.014415
0.792335 0.014611
0.794825 0.014807
0.797262 0.015003
0.799650 0.015199
0.801994 0.015395
0.804289 0.015591
0.806533 0.015787
0.808722 0.015983
0.810860 0.016179
0.812950 0.016374
0.814994 0.016570
0.816990 0.016766
0.818938 0.016962
0.820837 0.017158
0.822686 0.017354
0.824487 0.017550
0.826242 0.017746
0.827951 0.017942
0.829614 0.018138
0.831230 0.018334
0.832801 0.018530
0.834334 0.018726
0.835834 0.018922
0.837303 0.019118
0.838741 0.019314
0.840148 0.019509
0.841529 0.019705
0.842891 0.019901
0.844237 0.020097
0.845571 0.020293
0.846891 0.020489
0.848197 0.020685
0.849489 0.020881
0.850771 0.021077
0.852047 0.021273
0.853321 0.021469
0.854596 0.021665
0.855875 0.021861
0.857159 0.022057
0.858451 0.022253
0.859751 0.022449
0.861059 0.022645
0.862376 0.022840
0.863701 0.023036
0.865033 0.023232
0.866371 0.023428
0.867714 0.023624
0.869060 0.023820
0.870413 0.024016
0.871772 0.024212
0.873138 0.024408
0.874510 0.024604
0.875885 0.024800
0.877262 0.024996
0.878640 0.025192
0.880017 0.025388
0.881395 0.025584
0.882773 0.025780
0.884151 0.025975
0.885529 0.026171
0.886906 0.026367
0.888284 0.026563
0.889662 0.026759
0.891040 0.026955
0.892418 0.027151
0.893796 0.027347
0.895173 0.027543
0.896551 0.027739
0.897928 0.027935
0.899303 0.028131
0.900675 0.028327
0.902042 0.028523
0.903402 0.028719
0.904754 0.028915
0.906102 0.029110
0.907447 0.029306
0.908790 0.029502
0.910132 0.029698
0.911474 0.029894
0.912815 0.030090
0.914153 0.030286
0.915487 0.030482
0.916813 0.030678
0.918132 0.030874
0.919442 0.031070
0.920744 0.031266
0.922037 0.031462
0.923321 0.031658
0.924596 0.031854
0.925860 0.032050
0.927109 0.032246
0.928341 0.032441
0.929553 0.032637
0.930746 0.032833
0.931918 0.033029
0.933066 0.033225
0.934184 0.033421
0.935272 0.033617
0.936330 0.033813
0.937356 0.034009
0.938347 0.034205
0.939297 0.034401
0.940209 0.034597
0.941086 0.034793
0.941936 0.034989
0.942761 0.035185
0.943560 0.035381
0.944331 0.035576
0.945072 0.035772
0.945790 0.035968
0.946495 0.036164
0.947191 0.036360
0.947882 0.036556
0.948568 0.036752
0.949250 0.036948
0.949928 0.037144
0.950602 0.037340
0.951274 0.037536
0.951946 0.037732
0.952618 0.037928
0.953290 0.038124
0.953964 0.038320
0.954642 0.038516
0.955325 0.038712
0.956016 0.038907
0.956716 0.039103
0.957423 0.039299
0.958139 0.039495
0.958863 0.039691
0.959595 0.039887
0.960332 0.040083
0.961074 0.040279
0.961820 0.040475
0.962572 0.040671
0.963331 0.040867
0.964098 0.041063
0.964874 0.041259
0.965659 0.041455
0.966455 0.041651
0.967263 0.041847
0.968084 0.042042
0.968917 0.042238
0.969760 0.042434
0.970612 0.042630
0.971473 0.042826
0.972342 0.043022
0.973217 0.043218
0.974097 0.043414
0.974978 0.043610
0.975861 0.043806
0.976744 0.044002
0.977626 0.044198
0.978507 0.044394
0.979384 0.044590
0.980256 0.044786
0.981120 0.044982
0.981974 0.045177
0.982812 0.045373
0.983632 0.045569
0.984430 0.045765
0.985206 0.045961
0.985962 0.046157
0.986695 0.046353
0.987405 0.046549
0.988092 0.046745
0.988755 0.046941
0.989393 0.047137
0.990003 0.047333
0.990582 0.047529
0.991131 0.047725
0.991652 0.047921
0.992151 0.048117
0.992629 0.048313
0.993086 0.048508
0.993522 0.048704
0.993937 0.048900
0.994332 0.049096
0.994708 0.049292
0.995068 0.049488
0.995414 0.049684
0.995749 0.049880
0.996074 0.050076
0.996391 0.050272
0.996700 0.050468
0.996999 0.050664
0.997290 0.050860
0.997572 0.051056
0.997845 0.051252
0.998105 0.051448
0.998351 0.051643
0.998581 0.051839
0.998797 0.052035
0.999001 0.052231
0.999195 0.052427
0.999377 0.052623
0.999544 0.052819
0.999693 0.053015
0.999825 0.053211
0.999944 0.053407
