3.402871e-01	7.004931e-06
3.535503e-01	7.414454e-06
3.668134e-01	8.101762e-06
3.800766e-01	8.963466e-06
3.933397e-01	9.906189e-06
4.066029e-01	1.098452e-05
4.198661e-01	1.209653e-05
4.331292e-01	1.317938e-05
4.463924e-01	1.441059e-05
4.596555e-01	1.554770e-05
4.729187e-01	1.654778e-05
4.861818e-01	1.758203e-05
4.994450e-01	1.845433e-05
5.127081e-01	1.901941e-05
5.259713e-01	1.958507e-05
5.392344e-01	2.026938e-05
5.524976e-01	2.110328e-05
5.657608e-01	2.201481e-05
5.790239e-01	2.271304e-05
5.922871e-01	2.321015e-05
6.055502e-01	2.375194e-05
6.188134e-01	2.434496e-05
6.320765e-01	2.482399e-05
6.453397e-01	2.503523e-05
6.586028e-01	2.507743e-05
6.718660e-01	2.508385e-05
6.851291e-01	2.508735e-05
6.983923e-01	2.508540e-05
7.116555e-01	2.502481e-05
7.249186e-01	2.472330e-05
7.381818e-01	2.405249e-05
7.514449e-01	2.317711e-05
7.647081e-01	2.223972e-05
7.779712e-01	2.121400e-05
7.912344e-01	2.008809e-05
8.044975e-01	1.881988e-05
8.177607e-01	1.760532e-05
8.310238e-01	1.647186e-05
8.442870e-01	1.503704e-05
8.575502e-01	1.348708e-05
8.708133e-01	1.212906e-05
8.840765e-01	1.103872e-05
8.973396e-01	1.007602e-05
9.106028e-01	8.967025e-06
9.238659e-01	8.075159e-06
9.371291e-01	7.237876e-06
9.503922e-01	6.394295e-06
9.636554e-01	5.493967e-06
9.769185e-01	4.309954e-06
9.901817e-01	3.178909e-06
1.003445e+00	2.215937e-06
1.016708e+00	1.459069e-06
1.029971e+00	8.777962e-07
1.043234e+00	5.399694e-07
1.056497e+00	3.304001e-07
1.069761e+00	2.021128e-07
1.083024e+00	1.528110e-07
1.096287e+00	1.660020e-07
1.109550e+00	2.390616e-07
1.122813e+00	4.253539e-07
1.136076e+00	7.703110e-07
1.149340e+00	1.253644e-06
1.162603e+00	2.017107e-06
1.175866e+00	2.970877e-06
1.189129e+00	4.139897e-06
1.202392e+00	5.662427e-06
1.215655e+00	7.298388e-06
1.228918e+00	8.830920e-06
1.242182e+00	1.060660e-05
1.255445e+00	1.256382e-05
1.268708e+00	1.441516e-05
1.281971e+00	1.644867e-05
1.295234e+00	1.871060e-05
1.308497e+00	2.119946e-05
1.321761e+00	2.355944e-05
1.335024e+00	2.591136e-05
1.348287e+00	2.913963e-05
1.361550e+00	3.260999e-05
1.374813e+00	3.585280e-05
1.388076e+00	4.011281e-05
1.401339e+00	4.484005e-05
1.414603e+00	4.819352e-05
1.427866e+00	5.084020e-05
1.441129e+00	5.250671e-05
1.454392e+00	5.346832e-05
1.467655e+00	5.481381e-05
1.480918e+00	5.657635e-05
1.494182e+00	5.832986e-05
1.507445e+00	6.029602e-05
1.520708e+00	6.255733e-05
1.533971e+00	6.473045e-05
1.547234e+00	6.661761e-05
1.560497e+00	6.840929e-05
1.573761e+00	7.012127e-05
1.587024e+00	7.145115e-05
1.600287e+00	7.246289e-05
1.613550e+00	7.372380e-05
1.626813e+00	7.473106e-05
1.640076e+00	7.510212e-05
1.653339e+00	7.546925e-05
1.666603e+00	7.648681e-05
1.679866e+00	7.774757e-05
1.693129e+00	7.836302e-05
1.706392e+00	7.848670e-05
1.719655e+00	7.850600e-05
1.732918e+00	7.851752e-05
1.746182e+00	7.852884e-05
1.759445e+00	7.854015e-05
1.772708e+00	7.855146e-05
1.785971e+00	7.856278e-05
1.799234e+00	7.857410e-05
1.812497e+00	7.858541e-05
1.825760e+00	7.859641e-05
1.839024e+00	7.859680e-05
1.852287e+00	7.846860e-05
1.865550e+00	7.779883e-05
1.878813e+00	7.652675e-05
1.892076e+00	7.553621e-05
1.905339e+00	7.482968e-05
1.918603e+00	7.355955e-05
1.931866e+00	7.182854e-05
1.945129e+00	7.022297e-05
1.958392e+00	6.912777e-05
1.971655e+00	6.812332e-05
1.984918e+00	6.693553e-05
1.998181e+00	6.597538e-05
2.011445e+00	6.469228e-05
2.024708e+00	6.266687e-05
2.037971e+00	6.048052e-05
2.051234e+00	5.877888e-05
2.064497e+00	5.748577e-05
2.077760e+00	5.591837e-05
2.091024e+00	5.418040e-05
2.104287e+00	5.256987e-05
2.117550e+00	5.083299e-05
2.130813e+00	4.900800e-05
2.144076e+00	4.740316e-05
2.157339e+00	4.597436e-05
2.170602e+00	4.433644e-05
2.183866e+00	4.242300e-05
2.197129e+00	4.066981e-05
2.210392e+00	3.909653e-05
2.223655e+00	3.735101e-05
2.236918e+00	3.557314e-05
2.250181e+00	3.374716e-05
2.263445e+00	3.206858e-05
2.276708e+00	3.070435e-05
2.289971e+00	2.919548e-05
2.303234e+00	2.753590e-05
2.316497e+00	2.601579e-05
2.329760e+00	2.453444e-05
2.343023e+00	2.326771e-05
2.356287e+00	2.218688e-05
2.369550e+00	2.094988e-05
2.382813e+00	1.965317e-05
2.396076e+00	1.831693e-05
2.409339e+00	1.702569e-05
2.422602e+00	1.592784e-05
2.435866e+00	1.503891e-05
2.449129e+00	1.416703e-05
2.462392e+00	1.307949e-05
2.475655e+00	1.199725e-05
2.488918e+00	1.111449e-05
2.502181e+00	1.041142e-05
2.515444e+00	9.783341e-06
2.528708e+00	9.115539e-06
2.541971e+00	8.440022e-06
2.555234e+00	7.804245e-06
2.568497e+00	7.215652e-06
2.581760e+00	6.671151e-06
2.595023e+00	6.161555e-06
2.608287e+00	5.649918e-06
2.621550e+00	5.139682e-06
2.634813e+00	4.736104e-06
2.648076e+00	4.328710e-06
2.661339e+00	3.898107e-06
2.674602e+00	3.588400e-06
2.687866e+00	3.298474e-06
2.701129e+00	2.993234e-06
2.714392e+00	2.733592e-06
2.727655e+00	2.517053e-06
2.740918e+00	2.280077e-06
2.754181e+00	2.068306e-06
2.767444e+00	1.886985e-06
2.780708e+00	1.701386e-06
2.793971e+00	1.541735e-06
2.807234e+00	1.397684e-06
2.820497e+00	1.263453e-06
2.833760e+00	1.136744e-06
2.847023e+00	1.029243e-06
2.860287e+00	9.282183e-07
2.873550e+00	8.322116e-07
2.886813e+00	7.445554e-07
2.900076e+00	6.662620e-07
2.913339e+00	5.932436e-07
2.926602e+00	5.255221e-07
2.939865e+00	4.619390e-07
2.953129e+00	4.090645e-07
2.966392e+00	3.678911e-07
2.979655e+00	3.347162e-07
