0.21045881103094, 0.00001342915791
0.21049016570021, 0.00001361903517
0.21052152036947, 0.00001381159715
0.21055287503873, 0.00001400688179
0.210584229708, 0.0000142049276
0.21678618328833, 0.00001440577361
0.21681753795759, 0.00001460945942
0.21684889262686, 0.00001481602518
0.21688024729612, 0.00001502551161
0.21691160196538, 0.00001523796
0.21694295663465, 0.00001545341224
0.21697431130391, 0.0000156719108
0.21700566597318, 0.00001589349875
0.21703702064244, 0.00001611821978
0.2170683753117, 0.00001634611817
0.21709972998097, 0.00001657723886
0.21713108465023, 0.0000168116274
0.21716243931949, 0.00001704933001
0.21719379398876, 0.00001729039353
0.22339574756909, 0.0000175348655
0.22342710223836, 0.0000177827941
0.22345845690762, 0.00001803422821
0.22966041048795, 0.00001828921738
0.22969176515722, 0.0000185478119
0.22972311982648, 0.00001881006273
0.23592507340681, 0.00001907602157
0.23595642807608, 0.00001934574085
0.23598778274534, 0.00001961927374
0.23601913741461, 0.00001989667416
0.23605049208387, 0.0000201779968
0.23608184675313, 0.0000204632971
0.24228380033347, 0.00002075263132
0.24231515500273, 0.00002104605649
0.24234650967199, 0.00002134363044
0.24237786434126, 0.00002164541185
0.24240921901052, 0.0000219514602
0.24244057367978, 0.00002226183582
0.24247192834905, 0.0000225765999
0.24250328301831, 0.00002289581449
0.24253463768756, 0.0000232195425
0.24256599235684, 0.00002354784777
0.2425973470261, 0.000023880795
0.24262870169537, 0.00002421844983
0.24266005636463, 0.00002456087882
0.24886200994495, 0.00002490814948
0.24889336461423, 0.00002526033026
0.24892471928349, 0.00002561749059
0.24895607395274, 0.00002597970087
0.24898742862202, 0.00002634703251
0.25518938220234, 0.00002671955791
0.25522073687162, 0.00002709735052
0.25525209154088, 0.00002748048481
0.25528344621013, 0.0000278690363
0.25531480087941, 0.00002826308159
0.25534615554867, 0.00002866269835
0.261548109129, 0.00002906796537
0.26775006270933, 0.00002947896253
0.2677814173786, 0.00002989577086
0.26781277204787, 0.00003031847251
0.26784412671712, 0.00003074715081
0.26787548138639, 0.00003118189028
0.26790683605566, 0.0000316227766
0.26793819072491, 0.0000320698967
0.26796954539418, 0.0000325233387
0.27417149897451, 0.000032983192
0.27420285364378, 0.00003344954726
0.27423420831305, 0.00003392249639
0.2742655629823, 0.00003440213263
0.27429691765157, 0.00003488855054
0.27432827232084, 0.00003538184599
0.2743596269901, 0.00003588211624
0.28056158057043, 0.0000363894599
0.2805929352397, 0.00003690397698
0.28062428990896, 0.00003742576891
0.28065564457822, 0.00003795493855
0.28068699924749, 0.00003849159022
0.28071835391675, 0.0000390358297
0.28692030749709, 0.00003958776428
0.28695166216635, 0.00004014750276
0.28698301683561, 0.00004071515548
0.28701437150488, 0.00004129083434
0.29321632508521, 0.00004187465284
0.29324767975447, 0.00004246672604
0.29327903442374, 0.00004306717068
0.293310389093, 0.00004367610511
0.29334174376227, 0.00004429364937
0.29337309843153, 0.0000449199252
0.29957505201186, 0.00004555505605
0.29960640668113, 0.00004619916714
0.29963776135039, 0.00004685238543
0.29966911601965, 0.00004751483968
0.29970047068892, 0.0000481866605
0.29973182535818, 0.00004886798031
0.29976318002744, 0.00004955893343
0.30596513360778, 0.00005025965605
0.30599648827704, 0.00005097028632
0.30602784294631, 0.00005169096431
0.30605919761557, 0.0000524218321
0.30609055228483, 0.00005316303376
0.3061219069541, 0.0000539147154
0.31232386053443, 0.00005467702521
0.3123552152037, 0.00005545011345
0.31238656987296, 0.00005623413252
0.31241792454222, 0.00005702923698
0.31861987812256, 0.00005783558356
0.31865123279182, 0.00005865333122
0.31868258746108, 0.00005948264116
0.31871394213035, 0.00006032367686
0.31874529679961, 0.00006117660412
0.31877665146887, 0.00006204159107
0.32497860504921, 0.00006291880822
0.32500995971847, 0.0000638084285
0.32504131438774, 0.00006471062728
0.33124326796807, 0.00006562558242
0.33127462263733, 0.00006655347426
0.3313059773066, 0.00006749448574
0.33133733197586, 0.00006844880235
0.33136868664512, 0.00006941661221
0.33140004131439, 0.0000703981061
0.33143139598365, 0.00007139347752
0.33763334956399, 0.00007240292266
0.33766470423325, 0.00007342664054
0.33769605890251, 0.00007446483294
0.33772741357178, 0.00007551770453
0.33775876824104, 0.00007658546286
0.3377901229103, 0.00007766831842
0.33782147757957, 0.00007876648467
0.3440234311599, 0.00007988017808
0.34405478582917, 0.00008100961821
0.34408614049843, 0.00008215502769
0.34411749516769, 0.00008331663232
0.35031944874803, 0.00008449466108
0.35035080341729, 0.00008568934621
0.35038215808655, 0.0000869009232
0.35041351275582, 0.0000881296309
0.35044486742508, 0.00008937571151
0.35047622209434, 0.00009063941068
0.35667817567468, 0.00009192097752
0.35670953034394, 0.00009322066466
0.35674088501321, 0.00009453872831
0.35677223968247, 0.0000958754283
0.3629741932628, 0.00009723102813
0.36300554793207, 0.00009860579503
0.36303690260133, 0.0001
0.36306825727059, 0.00010141391789
0.36309961193986, 0.00010284782741
0.36930156552019, 0.00010430201124
0.36933292018946, 0.00010577675603
0.36936427485872, 0.0001072723525
0.36939562952797, 0.00010878909548
0.36942698419725, 0.00011032728396
0.37562893777757, 0.00011188722116
0.37566029244684, 0.00011346921459
0.37569164711611, 0.00011507357611
0.37572300178536, 0.00011670062198
0.37575435645464, 0.00011835067295
0.38195631003496, 0.00012002405428
0.38198766470423, 0.00012172109586
0.3820190193735, 0.0001234421322
0.38822097295383, 0.00012518750259
0.3882523276231, 0.00012695755108
0.38828368229235, 0.0001287526266
0.38831503696162, 0.00013057308301
0.38834639163089, 0.00013241927919
0.39454834521122, 0.00013429157906
0.39457969988048, 0.00013619035172
0.39461105454974, 0.00013811597146
0.39464240921901, 0.00014006881788
0.39467376388827, 0.00014204927595
0.39470511855753, 0.00014405773607
0.40090707213787, 0.00014609459417
0.40093842680713, 0.00014816025176
0.4009697814764, 0.00015025511606
0.40100113614566, 0.00015237960002
0.40103249081492, 0.00015453412244
0.40723444439526, 0.00015671910804
0.40726579906452, 0.00015893498754
0.40729715373379, 0.00016118219775
0.41349910731412, 0.00016346118167
0.41353046198339, 0.00016577238856
0.41356181665265, 0.00016811627401
0.41359317132191, 0.00017049330008
0.41979512490225, 0.00017290393534
0.41982647957151, 0.00017534865501
0.41985783424078, 0.000177827941
0.41988918891004, 0.00018034228207
0.42609114249037, 0.00018289217385
0.42612249715964, 0.00018547811901
0.4261538518289, 0.00018810062731
0.42618520649816, 0.00019076021572
0.4323871600785, 0.00019345740853
0.43241851474776, 0.00019619273743
0.43244986941703, 0.00019896674163
0.43865182299736, 0.00020177996798
0.43868317766662, 0.00020463297104
0.43871453233589, 0.00020752631321
0.44491648591622, 0.00021046056487
0.44494784058547, 0.00021343630444
0.44497919525475, 0.00021645411853
0.45118114883507, 0.00021951460202
0.45121250350435, 0.00022261835824
0.45124385817361, 0.00022576599903
0.45127521284286, 0.00022895814487
0.45747716642321, 0.00023219542503
0.45750852109246, 0.00023547847767
0.46371047467281, 0.00023880794999
0.46374182934206, 0.0002421844983
0.46377318401133, 0.00024560878824
0.4638045386806, 0.00024908149483
0.47000649226093, 0.00025260330263
0.47003784693019, 0.00025617490591
0.47006920159945, 0.00025979700872
0.47010055626872, 0.0002634703251
0.47013191093798, 0.00026719557915
0.47016326560725, 0.00027097350523
0.47636521918758, 0.00027480484809
0.47639657385685, 0.00027869036298
0.47642792852611, 0.00028263081587
0.47645928319537, 0.00028662698353
0.47649063786464, 0.00029067965371
0.48269259144497, 0.00029478962533
0.48272394611423, 0.00029895770857
0.4827553007835, 0.00030318472508
0.48278665545276, 0.00030747150813
0.48281801012203, 0.00031181890278
0.48901996370236, 0.00031622776602
0.48905131837162, 0.00032069896696
0.48908267304089, 0.00032523338701
0.48911402771015, 0.00032983192004
0.48914538237941, 0.00033449547255
0.48917673704868, 0.00033922496387
0.48920809171794, 0.0003440213263
0.49541004529828, 0.00034888550537
0.49544139996754, 0.00035381845993
0.4954727546368, 0.00035882116242
0.49550410930607, 0.00036389459901
0.49553546397533, 0.00036903976983
0.50173741755566, 0.00037425768914
0.50176877222493, 0.00037954938555
0.50180012689419, 0.00038491590219
0.50183148156345, 0.00039035829698
0.50803343514379, 0.00039587764276
0.50806478981305, 0.00040147502756
0.51426674339339, 0.00040715155478
0.51429809806265, 0.00041290834343
0.51432945273191, 0.00041874652835
0.51436080740118, 0.00042466726041
0.52056276098151, 0.00043067170676
0.52059411565078, 0.00043676105105
0.52062547032004, 0.00044293649367
0.52682742390036, 0.00044919925198
0.52685877856964, 0.00045555056055
0.5268901332389, 0.0004619916714
0.52692148790815, 0.00046852385427
0.52695284257743, 0.00047514839685
0.53315479615775, 0.00048186660502
0.53318615082703, 0.00048867980313
0.53321750549629, 0.00049558933427
0.53324886016554, 0.00050259656051
0.53945081374589, 0.00050970286317
0.53948216841514, 0.00051690964312
0.53951352308441, 0.00052421832101
0.53954487775368, 0.00053163033761
0.53957623242293, 0.00053914715404
0.54577818600328, 0.00054677025209
0.54580954067253, 0.00055450113447
0.5458408953418, 0.00056234132519
0.54587225001107, 0.00057029236977
0.5520742035914, 0.00057835583558
0.55210555826066, 0.00058653331219
0.55213691292992, 0.00059482641159
0.55833886651026, 0.00060323676862
0.55837022117952, 0.00061176604118
0.55840157584879, 0.00062041591066
0.56460352942912, 0.00062918808218
0.56463488409839, 0.00063808428501
0.56466623876765, 0.00064710627284
0.56469759343691, 0.00065625582418
0.57089954701725, 0.00066553474265
0.57093090168651, 0.00067494485741
0.57096225635578, 0.00068448802347
0.57099361102504, 0.00069416612206
0.57719556460537, 0.00070398106102
0.57722691927464, 0.00071393477515
0.5772582739439, 0.00072402922663
0.58346022752424, 0.00073426640536
0.5834915821935, 0.0007446483294
0.58352293686276, 0.00075517704531
0.5897248904431, 0.00076585462862
0.58975624511236, 0.0007766831842
0.58978759978162, 0.00078766484665
0.58981895445089, 0.0007988017808
0.59602090803122, 0.00081009618205
0.59605226270049, 0.00082155027686
0.59608361736975, 0.00083316632317
0.59611497203901, 0.00084494661083
0.60231692561935, 0.00085689346208
0.60234828028861, 0.00086900923201
0.60855023386895, 0.00088129630897
0.60858158853821, 0.00089375711511
0.60861294320746, 0.00090639410681
0.61481489678781, 0.0009192097752
0.61484625145706, 0.00093220664662
0.61487760612633, 0.00094538728313
0.6149089607956, 0.00095875428302
0.62111091437593, 0.0009723102813
0.6211422690452, 0.00098605795028
0.62117362371446, 0.001
0.62737557729479, 0.00101413917886
0.62740693196406, 0.00102847827409
0.62743828663332, 0.00104302011236
0.63364024021365, 0.00105776756028
0.63367159488292, 0.00107272352501
0.63370294955218, 0.00108789095479
0.63373430422145, 0.00110327283958
0.63376565889071, 0.00111887221159
0.63996761247104, 0.00113469214591
0.64616956605138, 0.00115073576111
0.64620092072064, 0.00116700621985
0.6462322753899, 0.00118350672952
0.64626363005917, 0.00120024054285
0.6524655836395, 0.00121721095855
0.65249693830877, 0.00123442132201
0.65252829297803, 0.00125187502586
0.65255964764729, 0.00126957551076
0.65876160122763, 0.00128752626598
0.65879295589689, 0.00130573083014
0.65882431056615, 0.00132419279189
0.66502626414649, 0.00134291579061
0.66505761881575, 0.00136190351717
0.66508897348502, 0.00138115971458
0.67129092706535, 0.00140068817882
0.6713222817346, 0.0014204927595
0.67135363640388, 0.00144057736069
0.6775555899842, 0.00146094594166
0.67758694465348, 0.00148160251763
0.6837888982338, 0.00150255116062
0.68382025290307, 0.00152379600022
0.68385160757234, 0.00154534122441
0.69005356115267, 0.00156719108038
0.69008491582194, 0.00158934987537
0.69011627049119, 0.00161182197752
0.69631822407153, 0.00163461181675
0.69634957874079, 0.00165772388559
0.70255153232113, 0.0016811627401
0.70258288699039, 0.00170493300078
0.70261424165966, 0.00172903935341
0.70881619523999, 0.00175348655008
0.70884754990926, 0.00177827941004
0.70887890457852, 0.00180342282068
0.71508085815885, 0.00182892173849
0.71511221282812, 0.00185478119007
0.71514356749738, 0.00188100627306
0.71517492216665, 0.00190760215719
0.72137687574698, 0.00193457408528
0.72140823041624, 0.00196192737428
0.72143958508551, 0.00198966741633
0.72764153866584, 0.0020177996798
0.7276728933351, 0.00204632971037
0.73387484691544, 0.00207526313215
0.7339062015847, 0.00210460564875
0.73393755625397, 0.00213436304444
0.7401395098343, 0.00216454118527
0.74017086450355, 0.00219514602023
0.74020221917283, 0.00222618358243
0.74640417275315, 0.00225765999028
0.7526061263335, 0.00228958144868
0.75263748100275, 0.00232195425029
0.75266883567202, 0.00235478477673
0.75270019034129, 0.00238807949986
0.75890214392162, 0.00242184498304
0.76510409750195, 0.00245608788242
0.76513545217122, 0.00249081494828
0.76516680684048, 0.00252603302633
0.77136876042082, 0.00256174905909
0.77140011509008, 0.00259797008723
0.77760206867041, 0.00263470325096
0.77763342333968, 0.00267195579146
0.78383537692001, 0.00270973505229
0.78386673158928, 0.00274804848085
0.79006868516961, 0.00278690362983
0.79010003983887, 0.00282630815871
0.79630199341921, 0.00286626983528
0.79633334808847, 0.00290679653713
0.79636470275774, 0.00294789625327
0.80256665633807, 0.00298957708565
0.80259801100732, 0.00303184725077
0.8026293656766, 0.00307471508132
0.80883131925692, 0.00311818902779
0.80886267392619, 0.00316227766017
0.81506462750652, 0.0032069896696
0.81509598217579, 0.00325233387014
0.82129793575612, 0.00329831920043
0.82132929042539, 0.00334495472553
0.82136064509465, 0.00339224963867
0.82756259867499, 0.00344021326304
0.82759395334425, 0.00348885505367
0.82762530801351, 0.00353818459929
0.82765666268278, 0.00358821162417
0.83385861626311, 0.0036389459901
0.84006056984345, 0.00369039769831
0.84009192451271, 0.00374257689142
0.84629387809305, 0.00379549385547
0.84632523276231, 0.00384915902195
0.84635658743157, 0.00390358296981
0.85255854101191, 0.00395877642761
0.85258989568117, 0.00401475027557
0.85879184926151, 0.00407151554779
0.85882320393077, 0.00412908343434
0.86502515751109, 0.00418746528354
0.86505651218037, 0.00424667260414
0.87125846576069, 0.00430671706764
0.87746041934104, 0.00436761051055
0.88366237292137, 0.00442936493674
0.88369372759063, 0.0044919925198
0.88372508225989, 0.00455550560547
0.88992703584023, 0.00461991671401
0.88995839050949, 0.00468523854274
0.88998974517876, 0.00475148396848
0.89619169875909, 0.00481866605015
0.90239365233943, 0.00488679803129
0.90242500700869, 0.0049558933427
0.90245636167795, 0.00502596560507
0.90865831525829, 0.00509702863169
0.90868966992755, 0.00516909643115
0.91489162350789, 0.00524218321013
0.91492297817715, 0.00531630337614
0.92112493175748, 0.00539147154044
0.92115628642675, 0.00546770252085
0.92735824000708, 0.00554501134473
0.92738959467635, 0.0056234132519
0.93359154825668, 0.00570292369766
0.93362290292594, 0.00578355835583
0.93982485650628, 0.00586533312186
0.93985621117554, 0.00594826411593
0.93988756584481, 0.00603236768616
0.94608951942514, 0.00611766041181
0.95229147300547, 0.00620415910656
0.95232282767474, 0.00629188082183
0.95852478125507, 0.00638084285012
0.95855613592434, 0.00647106272844
0.96475808950467, 0.00656255824175
0.97096004308499, 0.0066553474265
0.97099139775427, 0.00674944857412
0.97719335133459, 0.0068448802347
0.97722470600387, 0.0069416612206
0.98342665958419, 0.00703981061016
0.98962861316453, 0.0071393477515
0.98965996783379, 0.00724029226629
0.99586192141413, 0.00734266405362
1.00206387499447, 0.00744648329397
1.00209522966373, 0.00755177045312
1.00829718324407, 0.00765854628625
1.00832853791333, 0.00776683184198
1.01453049149366, 0.00787664846655
1.020732445074, 0.00798801780802
1.02076379974326, 0.00810096182052
1.0269657533236, 0.00821550276862
1.02699710799286, 0.00833166323167
1.03319906157319, 0.00844946610828
1.03323041624246, 0.00856893462084
1.03940101515353, 0.00856893462084
1.04560296873386, 0.00869009232006
1.04563432340313, 0.00881296308966
1.05183627698346, 0.00893757115105
1.05803823056379, 0.00906394106811
1.05806958523306, 0.00919209775203
1.06427153881339, 0.00932206646622
1.07047349239373, 0.00945387283131
1.07050484706299, 0.00958754283017
1.07670680064332, 0.00972310281305
1.08290875422366, 0.00986057950277
1.08294010889292, 0.01
1.08914206247326, 0.01014139178858
1.09534401605358, 0.01028478274094
1.10154596963392, 0.01043020112362
1.10157732430318, 0.01057767560283
1.10777927788352, 0.01072723525008
1.11398123146386, 0.01087890954793
1.11401258613312, 0.0110327283958
1.12021453971346, 0.01118872211587
1.12641649329379, 0.01134692145906
1.13261844687412, 0.01150735761105
1.13264980154339, 0.01167006219849
1.13882040045446, 0.01167006219849
1.14502235403479, 0.01183506729519
1.15122430761513, 0.01200240542847
1.15742626119546, 0.01217210958555
1.1636282147758, 0.01234421322005
1.16983016835613, 0.01251875025863
1.17603212193646, 0.01269575510761
1.17606347660573, 0.0128752626598
1.1822340755168, 0.0128752626598
1.18226543018606, 0.01305730830139
1.1884673837664, 0.01324192791886
1.18849873843566, 0.01342915790612
1.19470069201599, 0.01361903517167
1.19473204668526, 0.01381159714583
1.20090264559633, 0.01381159714583
1.20710459917666, 0.01400688178818
1.213306552757, 0.01420492759502
1.21950850633733, 0.01440577360694
1.2195398610066, 0.01460945941655
1.22574181458693, 0.01481602517626
1.23194376816726, 0.01502551160618
1.23811436707834, 0.01502551160618
1.24431632065867, 0.01523796000221
1.250518274239, 0.0154534122441
1.25668887315007, 0.0154534122441
1.26289082673041, 0.01567191080378
1.26909278031074, 0.01589349875368
1.27529473389108, 0.01611821977523
1.28149668747141, 0.0163461181675
1.28769864105175, 0.01657723885589
1.29390059463208, 0.01681162740104
1.30007119354315, 0.01681162740104
1.30627314712349, 0.01704933000775
1.31247510070382, 0.01729039353413
1.31867705428415, 0.01753486550083
1.32487900786449, 0.01778279410039
1.33104960677556, 0.01778279410039
1.33725156035588, 0.01803422820676
1.34345351393623, 0.01828921738494
1.34962411284729, 0.01828921738494
1.34965546751656, 0.01854781190071
1.35582606642763, 0.01854781190071
1.36202802000797, 0.01881006273059
1.36819861891904, 0.01881006273059
1.37440057249937, 0.01907602157186
1.38060252607971, 0.01934574085275
1.38680447966004, 0.0196192737428
1.39297507857111, 0.0196192737428
1.39914567748218, 0.0196192737428
1.40534763106252, 0.01989667416331
1.41154958464285, 0.02017799679797
1.41772018355392, 0.02017799679797
1.42389078246499, 0.02017799679797
1.43006138137605, 0.02017799679797
1.43009273604533, 0.02046329710369
1.4362633349564, 0.02046329710369
1.44246528853673, 0.02075263132145
1.4486358874478, 0.02075263132145
1.45483784102814, 0.02104605648747
1.46100843993921, 0.02104605648747
1.46717903885028, 0.02104605648747
1.47338099243061, 0.02134363044439
1.47955159134168, 0.02134363044439
1.48572219025276, 0.02134363044439
1.49189278916383, 0.02134363044439
1.49809474274416, 0.02164541185272
1.50426534165523, 0.02164541185272
1.51046729523557, 0.02195146020235
1.51663789414664, 0.02195146020235
1.52280849305771, 0.02195146020235
1.52897909196878, 0.02195146020235
1.53518104554911, 0.02226183582433
1.54135164446018, 0.02226183582433
1.54752224337125, 0.02226183582433
1.55369284228232, 0.02226183582433
1.55989479586266, 0.02257659990275
1.56606539477373, 0.02257659990275
1.5722359936848, 0.02257659990275
1.57840659259587, 0.02257659990275
1.58457719150694, 0.02257659990275
1.59074779041801, 0.02257659990275
1.59691838932908, 0.02257659990275
1.60308898824016, 0.02257659990275
1.60925958715123, 0.02257659990275
1.6154301860623, 0.02257659990275
1.62163213964262, 0.02289581448677
1.6278027385537, 0.02289581448677
1.63397333746477, 0.02289581448677
1.64011258170658, 0.02257659990275
1.64628318061765, 0.02257659990275
1.65245377952872, 0.02257659990275
1.65862437843979, 0.02257659990275
1.66479497735086, 0.02257659990275
1.67096557626193, 0.02257659990275
1.677136175173, 0.02257659990275
1.68330677408408, 0.02257659990275
1.68947737299515, 0.02257659990275
1.69564797190622, 0.02257659990275
1.70181857081729, 0.02257659990275
1.70798916972836, 0.02257659990275
1.71415976863942, 0.02257659990275
1.7203303675505, 0.02257659990275
1.72646961179231, 0.02226183582433
1.73264021070338, 0.02226183582433
1.73881080961445, 0.02226183582433
1.74498140852552, 0.02226183582433
1.75115200743659, 0.02226183582433
1.75732260634766, 0.02226183582433
1.76349320525873, 0.02226183582433
1.76963244950054, 0.02195146020235
1.77580304841161, 0.02195146020235
1.78194229265342, 0.02164541185272
1.78811289156449, 0.02164541185272
1.79428349047556, 0.02164541185272
1.80045408938662, 0.02164541185272
1.80659333362843, 0.02134363044439
1.81276393253951, 0.02134363044439
1.81893453145058, 0.02134363044439
1.82507377569239, 0.02104605648747
1.83124437460346, 0.02104605648747
1.83738361884526, 0.02075263132145
1.84355421775633, 0.02075263132145
1.8497248166674, 0.02075263132145
1.85586406090921, 0.02046329710369
1.86203465982028, 0.02046329710369
1.86820525873135, 0.02046329710369
1.87434450297316, 0.02017799679797
1.88048374721497, 0.01989667416331
1.88665434612603, 0.01989667416331
1.89279359036784, 0.0196192737428
1.89896418927892, 0.0196192737428
1.90513478818999, 0.0196192737428
1.91130538710106, 0.0196192737428
1.91744463134287, 0.01934574085275
1.92358387558467, 0.01907602157186
1.92975447449574, 0.01907602157186
1.93592507340681, 0.01907602157186
1.94209567231789, 0.01907602157186
1.94206431764862, 0.01881006273059
1.94203296297936, 0.01854781190071
1.94817220722117, 0.01828921738494
1.95434280613224, 0.01828921738494
1.96048205037403, 0.01803422820676
1.96662129461585, 0.01778279410039
1.97279189352692, 0.01778279410039
1.97896249243799, 0.01778279410039
1.9851017366798, 0.01753486550083
1.99124098092161, 0.01729039353413
1.9973802251634, 0.01704933000775
2.00355082407448, 0.01704933000775
2.00969006831629, 0.01681162740104
2.0158293125581, 0.01657723885589
2.02196855679991, 0.0163461181675
2.02813915571098, 0.0163461181675
2.03427839995278, 0.01611821977523
2.04041764419459, 0.01589349875368
2.0465568884364, 0.01567191080378
2.05272748734747, 0.01567191080378
2.05886673158928, 0.0154534122441
2.06503733050035, 0.0154534122441
2.06500597583108, 0.01523796000221
2.07114522007289, 0.01502551160618
2.07731581898396, 0.01502551160618
2.08345506322577, 0.01481602517626
2.08959430746758, 0.01460945941655
2.09573355170938, 0.01440577360694
2.10187279595119, 0.01420492759502
2.108012040193, 0.01400688178818
2.11418263910407, 0.01400688178818
2.12032188334588, 0.01381159714583
2.12029052867661, 0.01361903517167
2.12642977291842, 0.01342915790612
2.13256901716023, 0.01324192791886
2.13870826140203, 0.01305730830139
2.1448788603131, 0.01305730830139
2.14484750564384, 0.0128752626598
2.15098674988565, 0.01269575510761
2.15712599412745, 0.01251875025863
2.16326523836925, 0.01234421322005
2.16943583728033, 0.01234421322005
2.17557508152214, 0.01217210958555
2.18171432576395, 0.01200240542847
2.18788492467502, 0.01200240542847
2.18785357000575, 0.01183506729519
2.19399281424756, 0.01167006219849
2.20013205848937, 0.01150735761105
2.20627130273118, 0.01134692145906
2.20623994806191, 0.01118872211587
2.21237919230372, 0.0110327283958
2.21854979121479, 0.0110327283958
2.2246890354566, 0.01087890954793
2.23082827969841, 0.01072723525008
2.23696752394021, 0.01057767560283
2.23693616927095, 0.01043020112362
2.24307541351276, 0.01028478274094
2.24921465775456, 0.01014139178858
2.25535390199637, 0.01
2.26149314623818, 0.00986057950277
2.26763239047999, 0.00972310281305
2.26760103581072, 0.00958754283017
2.27377163472179, 0.00958754283017
2.27374028005253, 0.00945387283131
2.2799108789636, 0.00945387283131
2.27987952429434, 0.00932206646622
2.28605012320541, 0.00932206646622
2.28601876853614, 0.00919209775203
2.29218936744721, 0.00919209775203
2.29215801277795, 0.00906394106811
2.29829725701976, 0.00893757115105
2.30443650126156, 0.00881296308966
2.3044051465923, 0.00869009232006
2.31057574550337, 0.00869009232006
2.31054439083411, 0.00856893462084
2.31668363507592, 0.00844946610828
2.31665228040665, 0.00833166323167
2.32279152464846, 0.00821550276862
2.32893076889027, 0.00810096182052
2.328899414221, 0.00798801780802
2.33503865846281, 0.00787664846655
2.34117790270462, 0.00776683184198
2.34731714694642, 0.00765854628625
2.35345639118823, 0.00755177045312
2.35959563543004, 0.00744648329397
2.36573487967185, 0.00734266405362
2.37187412391365, 0.00724029226629
2.37801336815546, 0.0071393477515
2.3779820134862, 0.00703981061016
2.384121257728, 0.0069416612206
2.39026050196981, 0.0068448802347
2.39022914730055, 0.00674944857412
2.39636839154235, 0.0066553474265
2.40250763578416, 0.00656255824175
2.4024762811149, 0.00647106272844
2.4086155253567, 0.00638084285012
2.40858417068744, 0.00629188082183
2.41472341492925, 0.00620415910656
2.42086265917106, 0.00611766041181
2.42083130450179, 0.00603236768616
2.4269705487436, 0.00594826411593
2.43310979298541, 0.00586533312186
2.43307843831614, 0.00578355835583
2.43921768255795, 0.00570292369766
2.44535692679976, 0.0056234132519
2.45149617104157, 0.00554501134473
2.4514648163723, 0.00546770252085
2.45760406061411, 0.00539147154044
2.46374330485592, 0.00531630337614
2.46988254909771, 0.00524218321013
2.46985119442846, 0.00516909643115
2.47599043867027, 0.00509702863169
2.48212968291207, 0.00502596560507
2.48209832824281, 0.0049558933427
2.48823757248462, 0.00488679803129
2.48820621781535, 0.00481866605015
2.49434546205716, 0.00475148396848
2.4943141073879, 0.00468523854274
2.50045335162971, 0.00461991671401
2.5065925958715, 0.00455550560547
2.51273184011331, 0.0044919925198
2.51270048544406, 0.00442936493674
2.51883972968586, 0.00436761051055
2.5188083750166, 0.00430671706764
2.52494761925841, 0.00424667260414
2.52491626458914, 0.00418746528354
2.53105550883095, 0.00412908343434
2.53719475307276, 0.00407151554779
2.53716339840349, 0.00401475027557
2.5433026426453, 0.00395877642761
2.54327128797604, 0.00390358296981
2.54941053221784, 0.00384915902195
2.54937917754858, 0.00379549385547
2.55551842179039, 0.00374257689142
2.5616576660322, 0.00369039769831
2.567796910274, 0.0036389459901
2.56776555560474, 0.00358821162417
2.56773420093548, 0.00353818459929
2.57390479984655, 0.00353818459929
2.58004404408834, 0.00348885505367
2.58001268941909, 0.00344021326304
2.5861519336609, 0.00339224963867
2.58612057899163, 0.00334495472553
2.59225982323344, 0.00329831920043
2.59222846856417, 0.00325233387014
2.59836771280598, 0.0032069896696
2.60450695704779, 0.00316227766017
2.60447560237853, 0.00311818902779
2.61061484662034, 0.00307471508132
2.61058349195107, 0.00303184725077
2.61672273619288, 0.00298957708565
2.61669138152362, 0.00294789625327
2.62283062576542, 0.00290679653713
2.62279927109615, 0.00286626983528
2.62893851533796, 0.00282630815871
2.6289071606687, 0.00278690362983
2.63504640491051, 0.00274804848085
2.64118564915232, 0.00270973505229
2.64115429448305, 0.00267195579146
2.64729353872486, 0.00263470325096
2.6472621840556, 0.00259797008723
2.65340142829739, 0.00256174905909
2.65954067253921, 0.00252603302633
2.65950931786995, 0.00249081494828
2.65947796320068, 0.00245608788242
2.66561720744249, 0.00242184498304
2.66558585277323, 0.00238807949986
2.67172509701504, 0.00235478477673
2.67169374234577, 0.00232195425029
2.67783298658758, 0.00228958144868
2.67780163191832, 0.00225765999028
2.68394087616012, 0.00222618358243
2.68390952149086, 0.00219514602023
2.69004876573267, 0.00216454118527
2.69001741106339, 0.00213436304444
2.6961566553052, 0.00210460564875
2.69612530063595, 0.00207526313215
2.69609394596668, 0.00204632971037
2.70223319020849, 0.0020177996798
2.7083724344503, 0.00198966741633
2.70834107978103, 0.00196192737428
2.71448032402284, 0.00193457408528
2.71444896935358, 0.00190760215719
2.72058821359539, 0.00188100627306
2.72055685892612, 0.00185478119007
2.72669610316793, 0.00182892173849
2.73283534740974, 0.00180342282068
2.73280399274047, 0.00177827941004
2.73894323698228, 0.00175348655008
2.73891188231301, 0.00172903935341
2.74505112655482, 0.00170493300078
2.74501977188556, 0.0016811627401
2.7449884172163, 0.00165772388559
2.7511276614581, 0.00163461181675
2.75109630678884, 0.00161182197752
2.75723555103065, 0.00158934987537
2.76337479527245, 0.00156719108038
2.76334344060319, 0.00154534122441
2.76331208593393, 0.00152379600022
2.76945133017573, 0.00150255116062
2.77559057441754, 0.00148160251763
2.77555921974828, 0.00146094594166
2.77552786507901, 0.00144057736069
2.78166710932082, 0.0014204927595
2.78163575465156, 0.00140068817882
2.78777499889337, 0.00138115971458
2.7877436442241, 0.00136190351717
2.78771228955484, 0.00134291579061
2.79385153379663, 0.00132419279189
2.79382017912738, 0.00130573083014
2.79995942336919, 0.00128752626598
2.806098667611, 0.00126957551076
2.80606731294173, 0.00125187502586
2.81220655718354, 0.00123442132201
2.81217520251427, 0.00121721095855
2.81214384784501, 0.00120024054285
2.81828309208682, 0.00118350672952
2.81825173741756, 0.00116700621985
2.81822038274829, 0.00115073576111
2.82439098165936, 0.00115073576111
2.8243596269901, 0.00113469214591
2.83049887123191, 0.00111887221159
2.83046751656263, 0.00110327283958
2.83043616189338, 0.00108789095479
2.83657540613519, 0.00107272352501
2.84271465037699, 0.00105776756028
2.84268329570773, 0.00104302011236
2.84882253994954, 0.00102847827409
2.84879118528027, 0.00101413917886
2.85493042952208, 0.001
2.85489907485282, 0.00098605795028
2.85486772018355, 0.0009723102813
2.86100696442536, 0.00095875428302
2.8609756097561, 0.00094538728313
2.86094425508683, 0.00093220664662
2.86708349932864, 0.0009192097752
2.86705214465938, 0.00090639410681
2.87319138890119, 0.00089375711511
2.87316003423192, 0.00088129630897
2.87312867956266, 0.00086900923201
2.87926792380446, 0.00085689346208
2.8792365691352, 0.00084494661083
2.88537581337701, 0.00083316632317
2.88534445870774, 0.00082155027686
2.88531310403848, 0.00081009618205
2.89145234828029, 0.0007988017808
2.89142099361103, 0.00078766484665
2.89138963894176, 0.0007766831842
2.89752888318357, 0.00076585462862
2.89749752851431, 0.00075517704531
2.9036367727561, 0.0007446483294
2.90360541808685, 0.00073426640536
2.90974466232866, 0.00072402922663
2.90971330765939, 0.00071393477515
2.9158525519012, 0.00070398106102
2.92199179614301, 0.00069416612206
2.92196044147374, 0.00068448802347
2.92192908680448, 0.00067494485741
2.92806833104629, 0.00066553474265
2.92803697637702, 0.00065625582418
2.92800562170776, 0.00064710627284
2.93414486594957, 0.00063808428501
2.93411351128029, 0.00062918808218
2.93408215661104, 0.00062041591066
2.94022140085285, 0.00061176604118
2.94019004618358, 0.00060323676862
2.94015869151431, 0.00059482641159
2.94629793575612, 0.00058653331219
2.94626658108686, 0.00057835583558
2.9462352264176, 0.00057029236977
2.95237447065941, 0.00056234132519
2.95234311599014, 0.00055450113447
2.95848236023195, 0.00054677025209
2.95845100556269, 0.00053914715404
2.95841965089342, 0.00053163033761
2.96455889513523, 0.00052421832101
2.96452754046597, 0.00051690964312
2.97066678470777, 0.00050970286317
2.97063543003851, 0.00050259656051
2.97060407536925, 0.00049558933427
2.97674331961105, 0.00048867980313
2.97671196494179, 0.00048186660502
2.97668061027252, 0.00047514839685
2.97664925560326, 0.00046852385427
2.98278849984507, 0.0004619916714
2.98275714517581, 0.00045555056055
2.98889638941762, 0.00044919925198
2.98886503474835, 0.00044293649367
2.99500427899016, 0.00043676105105
2.99497292432089, 0.00043067170676
3.0011121685627, 0.00042466726041
3.00108081389344, 0.00041874652835
3.00104945922417, 0.00041290834343
3.00101810455491, 0.00040715155478
3.00715734879672, 0.00040147502756
3.00712599412746, 0.00039587764276
3.00709463945818, 0.00039035829698
3.0132338837, 0.00038491590219
3.01320252903074, 0.00037954938555
3.01317117436147, 0.00037425768914
3.01931041860328, 0.00036903976983
3.01927906393402, 0.00036389459901
3.01924770926475, 0.00035882116242
3.02538695350656, 0.00035381845993
3.02535559883729, 0.00034888550537
3.0314948430791, 0.0003440213263
3.03146348840984, 0.00033922496387
3.03143213374057, 0.00033449547255
3.03140077907131, 0.00032983192004
3.03754002331312, 0.00032523338701
3.03750866864386, 0.00032069896696
3.04364791288566, 0.00031622776602
3.0436165582164, 0.00031181890278
3.04358520354714, 0.00030747150813
3.04972444778894, 0.00030318472508
3.04969309311968, 0.00029895770857
3.04966173845041, 0.00029478962533
3.04963038378115, 0.00029067965371
3.05576962802296, 0.00028662698353
3.0557382733537, 0.00028263081587
3.0618775175955, 0.00027869036298
3.06184616292624, 0.00027480484809
3.06181480825698, 0.00027097350523
3.06178345358771, 0.00026719557915
3.06792269782952, 0.0002634703251
3.06789134316026, 0.00025979700872
3.06785998849099, 0.00025617490591
3.0739992327328, 0.00025260330263
3.07396787806354, 0.00024908149483
3.07393652339427, 0.00024560878824
3.08007576763608, 0.0002421844983
3.08004441296682, 0.00023880794999
3.08001305829755, 0.00023547847767
3.07998170362829, 0.00023219542503
3.0861209478701, 0.00022895814487
3.08608959320083, 0.00022576599903
3.08605823853157, 0.00022261835824
3.0860268838623, 0.00021951460202
3.09216612810411, 0.00021645411853
3.09213477343485, 0.00021343630444
3.09210341876559, 0.00021046056487
3.09824266300739, 0.00020752631321
3.09821130833813, 0.00020463297104
3.10435055257994, 0.00020177996798
3.10431919791067, 0.00019896674163
3.10428784324141, 0.00019619273743
3.11042708748322, 0.00019345740853
3.11039573281395, 0.00019076021572
3.11653497705576, 0.00018810062731
3.1165036223865, 0.00018547811901
3.11647226771723, 0.00018289217385
3.12261151195904, 0.00018034228207
3.12258015728978, 0.000177827941
3.12254880262051, 0.00017534865501
3.12251744795125, 0.00017290393534
3.12865669219306, 0.00017049330008
3.12862533752379, 0.00016811627401
3.12859398285453, 0.00016577238856
3.1347645817656, 0.00016577238856
3.13473322709634, 0.00016346118167
3.13470187242706, 0.00016118219775
3.13467051775781, 0.00015893498754
3.13463916308855, 0.00015671910804
3.14077840733035, 0.00015453412244
3.14074705266108, 0.00015237960002
3.14071569799183, 0.00015025511606
3.14685494223363, 0.00014816025176
3.14682358756437, 0.00014609459417
3.14679223289511, 0.00014405773607
3.14676087822584, 0.00014204927595
3.15290012246765, 0.00014006881788
3.15286876779839, 0.00013811597146
3.15283741312912, 0.00013619035172
3.15280605845986, 0.00013429157906
3.1527747037906, 0.00013241927919
3.1589139480324, 0.00013057308301
3.15888259336314, 0.0001287526266
3.15885123869388, 0.00012695755108
3.15881988402461, 0.00012518750259
3.16495912826642, 0.0001234421322
3.16492777359715, 0.00012172109586
3.16489641892789, 0.00012002405428
3.1710356631697, 0.00011835067295
3.17100430850043, 0.00011670062198
3.17097295383117, 0.00011507357611
3.17711219807298, 0.00011346921459
3.17708084340371, 0.00011188722116
3.17704948873445, 0.00011032728396
3.18318873297626, 0.00010878909548
3.183157378307, 0.0001072723525
3.18312602363773, 0.00010577675603
3.18926526787954, 0.00010430201124
3.18923391321028, 0.00010284782741
3.18920255854101, 0.00010141391789
3.18917120387175, 0.0001
3.19531044811356, 0.00009860579503
3.19527909344429, 0.00009723102813
3.19524773877503, 0.0000958754283
3.19521638410576, 0.00009453872831
3.1951850294365, 0.00009322066466
3.20132427367831, 0.00009192097752
3.20129291900904, 0.00009063941068
3.20126156433978, 0.00008937571151
3.20740080858159, 0.0000881296309
3.20736945391233, 0.0000869009232
3.20733809924306, 0.00008568934621
3.2073067445738, 0.00008449466108
3.20727538990453, 0.00008331663232
3.21341463414634, 0.00008215502769
3.21338327947708, 0.00008100961821
3.21335192480781, 0.00007988017808
3.21949116904962, 0.00007876648467
3.21945981438036, 0.00007766831842
3.21942845971109, 0.00007658546286
3.21939710504183, 0.00007551770453
3.21936575037257, 0.00007446483294
3.22550499461437, 0.00007342664054
3.22547363994511, 0.00007240292266
3.22544228527585, 0.00007139347752
3.23158152951765, 0.0000703981061
3.23155017484839, 0.00006941661221
3.23151882017913, 0.00006844880235
3.23148746550986, 0.00006749448574
3.23762670975167, 0.00006655347426
3.23759535508241, 0.00006562558242
3.23756400041314, 0.00006471062728
3.23753264574388, 0.0000638084285
3.23750129107462, 0.00006291880822
3.23746993640535, 0.00006204159107
3.24360918064716, 0.00006117660412
3.2435778259779, 0.00006032367686
3.24354647130863, 0.00005948264116
3.24968571555044, 0.00005865333122
3.24965436088118, 0.00005783558356
3.24962300621191, 0.00005702923698
3.24959165154265, 0.00005623413252
3.25573089578446, 0.00005545011345
3.25569954111518, 0.00005467702521
3.25566818644593, 0.0000539147154
3.25563683177667, 0.00005316303376
3.26177607601847, 0.0000524218321
3.26174472134921, 0.00005169096431
3.26171336667995, 0.00005097028632
3.26168201201068, 0.00005025965605
3.26782125625249, 0.00004955893343
3.26778990158323, 0.00004886798031
3.26775854691396, 0.0000481866605
3.2677271922447, 0.00004751483968
3.26769583757544, 0.00004685238543
3.27383508181724, 0.00004619916714
3.27380372714798, 0.00004555505605
3.27994297138979, 0.0000449199252
3.27991161672052, 0.00004429364937
3.27988026205126, 0.00004367610511
3.279848907382, 0.00004306717068
3.27981755271273, 0.00004246672604
3.27978619804347, 0.00004187465284
3.28592544228528, 0.00004129083434
3.285894087616, 0.00004071515548
3.28586273294675, 0.00004014750276
3.28583137827748, 0.00003958776428
3.29197062251929, 0.0000390358297
3.29193926785002, 0.00003849159022
3.29190791318076, 0.00003795493855
3.2918765585115, 0.00003742576891
3.29801580275331, 0.00003690397698
3.29798444808405, 0.0000363894599
3.29795309341478, 0.00003588211624
3.29792173874552, 0.00003538184599
3.29789038407626, 0.00003488855054
3.30402962831806, 0.00003440213263
3.3039982736488, 0.00003392249639
