2.664091e-01	3.588411e-05
2.786950e-01	3.797401e-05
2.909809e-01	4.203822e-05
3.032668e-01	4.855099e-05
3.155527e-01	5.567769e-05
3.278386e-01	6.515092e-05
3.401246e-01	7.535717e-05
3.524105e-01	8.538726e-05
3.646964e-01	9.775047e-05
3.769823e-01	1.116273e-04
3.892682e-01	1.275933e-04
4.015541e-01	1.449057e-04
4.138400e-01	1.610567e-04
4.261260e-01	1.784133e-04
4.384119e-01	1.999949e-04
4.506978e-01	2.194930e-04
4.629837e-01	2.375956e-04
4.752696e-01	2.585457e-04
4.875555e-01	2.815800e-04
4.998414e-01	3.076004e-04
5.121274e-01	3.362128e-04
5.244133e-01	3.718402e-04
5.366992e-01	4.121984e-04
5.489851e-01	4.515328e-04
5.612710e-01	4.959557e-04
5.735569e-01	5.411603e-04
5.858428e-01	5.874344e-04
5.981288e-01	6.378307e-04
6.104147e-01	6.926023e-04
6.227006e-01	7.546732e-04
6.349865e-01	8.159289e-04
6.472724e-01	8.823335e-04
6.595583e-01	9.538865e-04
6.718442e-01	1.024764e-03
6.841302e-01	1.102551e-03
6.964161e-01	1.182810e-03
7.087020e-01	1.261006e-03
7.209879e-01	1.348796e-03
7.332738e-01	1.434653e-03
7.455597e-01	1.521016e-03
7.578456e-01	1.619972e-03
7.701316e-01	1.727945e-03
7.824175e-01	1.839772e-03
7.947034e-01	1.944087e-03
8.069893e-01	2.044650e-03
8.192752e-01	2.166649e-03
8.315611e-01	2.285743e-03
8.438470e-01	2.404892e-03
8.561330e-01	2.522183e-03
8.684189e-01	2.656160e-03
8.807048e-01	2.808942e-03
8.929907e-01	2.949889e-03
9.052766e-01	3.083980e-03
9.175625e-01	3.232671e-03
9.298484e-01	3.377333e-03
9.421344e-01	3.520587e-03
9.544203e-01	3.680749e-03
9.667062e-01	3.826313e-03
9.789921e-01	3.961204e-03
9.912780e-01	4.122140e-03
1.003564e+00	4.292112e-03
1.015850e+00	4.425646e-03
1.028136e+00	4.557741e-03
1.040422e+00	4.714993e-03
1.052708e+00	4.873014e-03
1.064994e+00	5.012653e-03
1.077279e+00	5.168083e-03
1.089565e+00	5.315423e-03
1.101851e+00	5.442271e-03
1.114137e+00	5.582744e-03
1.126423e+00	5.736191e-03
1.138709e+00	5.859501e-03
1.150995e+00	5.971253e-03
1.163281e+00	6.115506e-03
1.175567e+00	6.266732e-03
1.187853e+00	6.418207e-03
1.200139e+00	6.557945e-03
1.212424e+00	6.674389e-03
1.224710e+00	6.779978e-03
1.236996e+00	6.868159e-03
1.249282e+00	6.956642e-03
1.261568e+00	7.051136e-03
1.273854e+00	7.142567e-03
1.286140e+00	7.230405e-03
1.298426e+00	7.325974e-03
1.310712e+00	7.414941e-03
1.322998e+00	7.482552e-03
1.335284e+00	7.536549e-03
1.347570e+00	7.589658e-03
1.359855e+00	7.641537e-03
1.372141e+00	7.691656e-03
1.384427e+00	7.732901e-03
1.396713e+00	7.775665e-03
1.408999e+00	7.815131e-03
1.421285e+00	7.831484e-03
1.433571e+00	7.833770e-03
1.445857e+00	7.831824e-03
1.458143e+00	7.818847e-03
1.470429e+00	7.782926e-03
1.482715e+00	7.742969e-03
1.495001e+00	7.720563e-03
1.507286e+00	7.693640e-03
1.519572e+00	7.646757e-03
1.531858e+00	7.594404e-03
1.544144e+00	7.540472e-03
1.556430e+00	7.485959e-03
1.568716e+00	7.424945e-03
1.581002e+00	7.366138e-03
1.593288e+00	7.306489e-03
1.605574e+00	7.230666e-03
1.617860e+00	7.147839e-03
1.630146e+00	7.058937e-03
1.642431e+00	6.968888e-03
1.654717e+00	6.883435e-03
1.667003e+00	6.792690e-03
1.679289e+00	6.702715e-03
1.691575e+00	6.604784e-03
1.703861e+00	6.484294e-03
1.716147e+00	6.366070e-03
1.728433e+00	6.237670e-03
1.740719e+00	6.108107e-03
1.753005e+00	5.972742e-03
1.765291e+00	5.831307e-03
1.777577e+00	5.694410e-03
1.789862e+00	5.558713e-03
1.802148e+00	5.408948e-03
1.814434e+00	5.265794e-03
1.826720e+00	5.121818e-03
1.839006e+00	4.948137e-03
1.851292e+00	4.777073e-03
1.863578e+00	4.622820e-03
1.875864e+00	4.489643e-03
1.888150e+00	4.358394e-03
1.900436e+00	4.234325e-03
1.912722e+00	4.105837e-03
1.925008e+00	3.956397e-03
1.937293e+00	3.809401e-03
1.949579e+00	3.661196e-03
1.961865e+00	3.506694e-03
1.974151e+00	3.375494e-03
1.986437e+00	3.261330e-03
1.998723e+00	3.145695e-03
2.011009e+00	3.018969e-03
2.023295e+00	2.894537e-03
2.035581e+00	2.776382e-03
2.047867e+00	2.652911e-03
2.060153e+00	2.526659e-03
2.072438e+00	2.413508e-03
2.084724e+00	2.308774e-03
2.097010e+00	2.203028e-03
2.109296e+00	2.099010e-03
2.121582e+00	1.988572e-03
2.133868e+00	1.879697e-03
2.146154e+00	1.786331e-03
2.158440e+00	1.697310e-03
2.170726e+00	1.599573e-03
2.183012e+00	1.508083e-03
2.195298e+00	1.424580e-03
2.207584e+00	1.341094e-03
2.219869e+00	1.267526e-03
2.232155e+00	1.192457e-03
2.244441e+00	1.113061e-03
2.256727e+00	1.046433e-03
2.269013e+00	9.871931e-04
2.281299e+00	9.222994e-04
2.293585e+00	8.604078e-04
2.305871e+00	8.030767e-04
2.318157e+00	7.411889e-04
2.330443e+00	6.849581e-04
2.342729e+00	6.358611e-04
2.355015e+00	5.883009e-04
2.367300e+00	5.435370e-04
2.379586e+00	5.035023e-04
2.391872e+00	4.694623e-04
2.404158e+00	4.396512e-04
2.416444e+00	4.040189e-04
2.428730e+00	3.731819e-04
2.441016e+00	3.424987e-04
2.453302e+00	3.095448e-04
2.465588e+00	2.761944e-04
2.477874e+00	2.470397e-04
2.490160e+00	2.219817e-04
2.502445e+00	1.972501e-04
2.514731e+00	1.758632e-04
2.527017e+00	1.576017e-04
2.539303e+00	1.411403e-04
2.551589e+00	1.255701e-04
2.563875e+00	1.115409e-04
2.576161e+00	1.001206e-04
2.588447e+00	8.835443e-05
2.600733e+00	7.683639e-05
2.613019e+00	6.864289e-05
2.625305e+00	6.103761e-05
2.637591e+00	5.272428e-05
2.649876e+00	4.629625e-05
2.662162e+00	4.128548e-05
2.674448e+00	3.569132e-05
2.686734e+00	3.104239e-05
2.699020e+00	2.830025e-05
2.711306e+00	2.645710e-05
