0 0
0.0005 3.52424e-15
0.001 5.63875e-14
0.0015 2.85459e-13
0.002 9.0218e-13
0.0025 2.20255e-12
0.003 4.56712e-12
0.0035 8.46095e-12
0.004 1.44336e-11
0.0045 2.31191e-11
0.005 3.52359e-11
0.0055 5.15869e-11
0.006 7.30593e-11
0.0065 1.00624e-10
0.007 1.35338e-10
0.0075 1.78341e-10
0.008 2.30856e-10
0.0085 2.94191e-10
0.009 3.69739e-10
0.0095 4.58976e-10
0.01 5.63462e-10
0.0105 6.8484e-10
0.011 8.24837e-10
0.0115 9.85263e-10
0.012 1.16801e-09
0.0125 1.37507e-09
0.013 1.60848e-09
0.0135 1.8704e-09
0.014 2.16306e-09
0.0145 2.48876e-09
0.015 2.84989e-09
0.0155 3.24893e-09
0.016 3.68844e-09
0.0165 4.17106e-09
0.017 4.69951e-09
0.0175 5.2766e-09
0.018 5.9052e-09
0.0185 6.58829e-09
0.019 7.32892e-09
0.0195 8.13022e-09
0.02 8.9954e-09
0.0205 9.92775e-09
0.021 1.09306e-08
0.0215 1.20075e-08
0.022 1.3162e-08
0.0225 1.43976e-08
0.023 1.5718e-08
0.0235 1.7127e-08
0.024 1.86286e-08
0.0245 2.02265e-08
0.025 2.19249e-08
0.0255 2.37278e-08
0.026 2.56393e-08
0.0265 2.76638e-08
0.027 2.98056e-08
0.0275 3.2069e-08
0.028 3.44586e-08
0.0285 3.69789e-08
0.029 3.96346e-08
0.0295 4.24304e-08
0.03 4.5371e-08
0.0305 4.84613e-08
0.031 5.17063e-08
0.0315 5.5111e-08
0.032 5.86805e-08
0.0325 6.242e-08
0.033 6.63347e-08
0.0335 7.043e-08
0.034 7.47112e-08
0.0345 7.91837e-08
0.035 8.38533e-08
0.0355 8.87254e-08
0.036 9.38058e-08
0.0365 9.91002e-08
0.037 1.04614e-07
0.0375 1.10354e-07
0.038 1.16326e-07
0.0385 1.22536e-07
0.039 1.28989e-07
0.0395 1.35693e-07
0.04 1.42653e-07
0.0405 1.49876e-07
0.041 1.57368e-07
0.0415 1.65136e-07
0.042 1.73185e-07
0.0425 1.81524e-07
0.043 1.90158e-07
0.0435 1.99094e-07
0.044 2.08339e-07
0.0445 2.17901e-07
0.045 2.27785e-07
0.0455 2.37999e-07
0.046 2.4855e-07
0.0465 2.59445e-07
0.047 2.70691e-07
0.0475 2.82296e-07
0.048 2.94267e-07
0.0485 3.06612e-07
0.049 3.19337e-07
0.0495 3.32451e-07
0.05 3.4596e-07
0.0505 3.59874e-07
0.051 3.74198e-07
0.0515 3.88942e-07
0.052 4.04113e-07
0.0525 4.19719e-07
0.053 4.35768e-07
0.0535 4.52267e-07
0.054 4.69226e-07
0.0545 4.86652e-07
0.055 5.04553e-07
0.0555 5.22938e-07
0.056 5.41815e-07
0.0565 5.61192e-07
0.057 5.81078e-07
0.0575 6.01482e-07
0.058 6.22411e-07
0.0585 6.43874e-07
0.059 6.65881e-07
0.0595 6.88439e-07
0.06 7.11558e-07
0.0605 7.35246e-07
0.061 7.59512e-07
0.0615 7.84366e-07
0.062 8.09815e-07
0.0625 8.3587e-07
0.063 8.62539e-07
0.0635 8.89832e-07
0.064 9.17757e-07
0.0645 9.46323e-07
0.065 9.75541e-07
0.0655 1.00542e-06
0.066 1.03597e-06
0.0665 1.06719e-06
0.067 1.09911e-06
0.0675 1.13172e-06
0.068 1.16504e-06
0.0685 1.19908e-06
0.069 1.23385e-06
0.0695 1.26935e-06
0.07 1.3056e-06
0.0705 1.3426e-06
0.071 1.38037e-06
0.0715 1.41892e-06
0.072 1.45825e-06
0.0725 1.49838e-06
0.073 1.53931e-06
0.0735 1.58106e-06
0.074 1.62363e-06
0.0745 1.66704e-06
0.075 1.7113e-06
0.0755 1.75641e-06
0.076 1.80239e-06
0.0765 1.84924e-06
0.077 1.89698e-06
0.0775 1.94562e-06
0.078 1.99517e-06
0.0785 2.04563e-06
0.079 2.09702e-06
0.0795 2.14935e-06
0.08 2.20263e-06
0.0805 2.25687e-06
0.081 2.31208e-06
0.0815 2.36827e-06
0.082 2.42545e-06
0.0825 2.48363e-06
0.083 2.54283e-06
0.0835 2.60305e-06
0.084 2.6643e-06
0.0845 2.7266e-06
0.085 2.78995e-06
0.0855 2.85437e-06
0.086 2.91986e-06
0.0865 2.98645e-06
0.087 3.05413e-06
0.0875 3.12292e-06
0.088 3.19284e-06
0.0885 3.26388e-06
0.089 3.33607e-06
0.0895 3.4094e-06
0.09 3.48391e-06
0.0905 3.55959e-06
0.091 3.63645e-06
0.0915 3.71452e-06
0.092 3.79379e-06
0.0925 3.87428e-06
0.093 3.956e-06
0.0935 4.03896e-06
0.094 4.12318e-06
0.0945 4.20865e-06
0.095 4.29541e-06
0.0955 4.38345e-06
0.096 4.47278e-06
0.0965 4.56343e-06
0.097 4.6554e-06
0.0975 4.74869e-06
0.098 4.84333e-06
0.0985 4.93932e-06
0.099 5.03668e-06
0.0995 5.13541e-06
0.1 5.23552e-06
0.1005 5.33704e-06
0.101 5.43996e-06
0.1015 5.54431e-06
0.102 5.65009e-06
0.1025 5.75731e-06
0.103 5.86598e-06
0.1035 5.97612e-06
0.104 6.08774e-06
0.1045 6.20084e-06
0.105 6.31545e-06
0.1055 6.43156e-06
0.106 6.5492e-06
0.1065 6.66837e-06
0.107 6.78908e-06
0.1075 6.91135e-06
0.108 7.03518e-06
0.1085 7.1606e-06
0.109 7.2876e-06
0.1095 7.4162e-06
0.11 7.54642e-06
0.1105 7.67825e-06
0.111 7.81172e-06
0.1115 7.94684e-06
0.112 8.08361e-06
0.1125 8.22205e-06
0.113 8.36217e-06
0.1135 8.50398e-06
0.114 8.64749e-06
0.1145 8.79271e-06
0.115 8.93965e-06
0.1155 9.08833e-06
0.116 9.23875e-06
0.1165 9.39093e-06
0.117 9.54488e-06
0.1175 9.7006e-06
0.118 9.85812e-06
0.1185 1.00174e-05
0.119 1.01786e-05
0.1195 1.03415e-05
0.12 1.05063e-05
0.1205 1.06729e-05
0.121 1.08414e-05
0.1215 1.10117e-05
0.122 1.1184e-05
0.1225 1.13581e-05
0.123 1.15341e-05
0.1235 1.1712e-05
0.124 1.18918e-05
0.1245 1.20736e-05
0.125 1.22573e-05
0.1255 1.2443e-05
0.126 1.26306e-05
0.1265 1.28202e-05
0.127 1.30117e-05
0.1275 1.32053e-05
0.128 1.34009e-05
0.1285 1.35985e-05
0.129 1.37981e-05
0.1295 1.39997e-05
0.13 1.42034e-05
0.1305 1.44092e-05
0.131 1.4617e-05
0.1315 1.48269e-05
0.132 1.50389e-05
0.1325 1.5253e-05
0.133 1.54692e-05
0.1335 1.56875e-05
0.134 1.59079e-05
0.1345 1.61305e-05
0.135 1.63552e-05
0.1355 1.6582e-05
0.136 1.68111e-05
0.1365 1.70423e-05
0.137 1.72757e-05
0.1375 1.75113e-05
0.138 1.77491e-05
0.1385 1.79892e-05
0.139 1.82314e-05
0.1395 1.84759e-05
0.14 1.87226e-05
0.1405 1.89716e-05
0.141 1.92229e-05
0.1415 1.94764e-05
0.142 1.97322e-05
0.1425 1.99903e-05
0.143 2.02507e-05
0.1435 2.05134e-05
0.144 2.07784e-05
0.1445 2.10458e-05
0.145 2.13155e-05
0.1455 2.15875e-05
0.146 2.18619e-05
0.1465 2.21387e-05
0.147 2.24178e-05
0.1475 2.26993e-05
0.148 2.29832e-05
0.1485 2.32695e-05
0.149 2.35582e-05
0.1495 2.38494e-05
0.15 2.41429e-05
0.1505 2.44389e-05
0.151 2.47373e-05
0.1515 2.50382e-05
0.152 2.53416e-05
0.1525 2.56474e-05
0.153 2.59556e-05
0.1535 2.62664e-05
0.154 2.65796e-05
0.1545 2.68954e-05
0.155 2.72136e-05
0.1555 2.75344e-05
0.156 2.78577e-05
0.1565 2.81835e-05
0.157 2.85119e-05
0.1575 2.88428e-05
0.158 2.91762e-05
0.1585 2.95122e-05
0.159 2.98508e-05
0.1595 3.0192e-05
0.16 3.05357e-05
0.1605 3.0882e-05
0.161 3.12309e-05
0.1615 3.15824e-05
0.162 3.19365e-05
0.1625 3.22933e-05
0.163 3.26526e-05
0.1635 3.30146e-05
0.164 3.33792e-05
0.1645 3.37465e-05
0.165 3.41164e-05
0.1655 3.4489e-05
0.166 3.48642e-05
0.1665 3.52421e-05
0.167 3.56227e-05
0.1675 3.60059e-05
0.168 3.63918e-05
0.1685 3.67805e-05
0.169 3.71718e-05
0.1695 3.75658e-05
0.17 3.79625e-05
0.1705 3.83619e-05
0.171 3.87641e-05
0.1715 3.9169e-05
0.172 3.95766e-05
0.1725 3.99869e-05
0.173 4.04e-05
0.1735 4.08159e-05
0.174 4.12344e-05
0.1745 4.16558e-05
0.175 4.20799e-05
0.1755 4.25067e-05
0.176 4.29363e-05
0.1765 4.33687e-05
0.177 4.38039e-05
0.1775 4.42419e-05
0.178 4.46826e-05
0.1785 4.51261e-05
0.179 4.55725e-05
0.1795 4.60216e-05
0.18 4.64735e-05
0.1805 4.69283e-05
0.181 4.73858e-05
0.1815 4.78462e-05
0.182 4.83093e-05
0.1825 4.87753e-05
0.183 4.92442e-05
0.1835 4.97158e-05
0.184 5.01903e-05
0.1845 5.06676e-05
0.185 5.11477e-05
0.1855 5.16307e-05
0.186 5.21165e-05
0.1865 5.26052e-05
0.187 5.30967e-05
0.1875 5.35911e-05
0.188 5.40883e-05
0.1885 5.45884e-05
0.189 5.50913e-05
0.1895 5.55971e-05
0.19 5.61057e-05
0.1905 5.66172e-05
0.191 5.71316e-05
0.1915 5.76488e-05
0.192 5.81689e-05
0.1925 5.86919e-05
0.193 5.92178e-05
0.1935 5.97465e-05
0.194 6.02781e-05
0.1945 6.08125e-05
0.195 6.13499e-05
0.1955 6.18901e-05
0.196 6.24332e-05
0.1965 6.29791e-05
0.197 6.3528e-05
0.1975 6.40797e-05
0.198 6.46343e-05
0.1985 6.51918e-05
0.199 6.57521e-05
0.1995 6.63154e-05
0.2 6.68815e-05
0.2005 6.74505e-05
0.201 6.80224e-05
0.2015 6.85971e-05
0.202 6.91747e-05
0.2025 6.97553e-05
0.203 7.03386e-05
0.2035 7.09249e-05
0.204 7.1514e-05
0.2045 7.21061e-05
0.205 7.27009e-05
0.2055 7.32987e-05
0.206 7.38993e-05
0.2065 7.45028e-05
0.207 7.51092e-05
0.2075 7.57184e-05
0.208 7.63305e-05
0.2085 7.69455e-05
0.209 7.75633e-05
0.2095 7.8184e-05
0.21 7.88075e-05
0.2105 7.94339e-05
0.211 8.00631e-05
0.2115 8.06952e-05
0.212 8.13302e-05
0.2125 8.19679e-05
0.213 8.26086e-05
0.2135 8.3252e-05
0.214 8.38983e-05
0.2145 8.45474e-05
0.215 8.51994e-05
0.2155 8.58542e-05
0.216 8.65118e-05
0.2165 8.71722e-05
0.217 8.78355e-05
0.2175 8.85015e-05
0.218 8.91704e-05
0.2185 8.9842e-05
0.219 9.05165e-05
0.2195 9.11937e-05
0.22 9.18738e-05
0.2205 9.25566e-05
0.221 9.32422e-05
0.2215 9.39306e-05
0.222 9.46218e-05
0.2225 9.53157e-05
0.223 9.60124e-05
0.2235 9.67118e-05
0.224 9.7414e-05
0.2245 9.8119e-05
0.225 9.88267e-05
0.2255 9.95371e-05
0.226 0.00010025
0.2265 0.000100966
0.227 0.000101685
0.2275 0.000102406
0.228 0.00010313
0.2285 0.000103857
0.229 0.000104586
0.2295 0.000105318
0.23 0.000106053
0.2305 0.00010679
0.231 0.000107531
0.2315 0.000108273
0.232 0.000109019
0.2325 0.000109767
0.233 0.000110518
0.2335 0.000111271
0.234 0.000112027
0.2345 0.000112786
0.235 0.000113547
0.2355 0.000114311
0.236 0.000115077
0.2365 0.000115846
0.237 0.000116617
0.2375 0.000117392
0.238 0.000118168
0.2385 0.000118947
0.239 0.000119729
0.2395 0.000120514
0.24 0.0001213
0.2405 0.00012209
0.241 0.000122882
0.2415 0.000123676
0.242 0.000124473
0.2425 0.000125272
0.243 0.000126074
0.2435 0.000126878
0.244 0.000127685
0.2445 0.000128494
0.245 0.000129306
0.2455 0.00013012
0.246 0.000130936
0.2465 0.000131755
0.247 0.000132576
0.2475 0.0001334
0.248 0.000134226
0.2485 0.000135054
0.249 0.000135885
0.2495 0.000136718
0.25 0.000137553
0.2505 0.000138391
0.251 0.000139231
0.2515 0.000140073
0.252 0.000140918
0.2525 0.000141765
0.253 0.000142614
0.2535 0.000143465
0.254 0.000144319
0.2545 0.000145174
0.255 0.000146032
0.2555 0.000146893
0.256 0.000147755
0.2565 0.00014862
0.257 0.000149486
0.2575 0.000150355
0.258 0.000151226
0.2585 0.0001521
0.259 0.000152975
0.2595 0.000153852
0.26 0.000154732
0.2605 0.000155613
0.261 0.000156497
0.2615 0.000157382
0.262 0.00015827
0.2625 0.00015916
0.263 0.000160052
0.2635 0.000160945
0.264 0.000161841
0.2645 0.000162739
0.265 0.000163638
0.2655 0.00016454
0.266 0.000165443
0.2665 0.000166349
0.267 0.000167256
0.2675 0.000168165
0.268 0.000169076
0.2685 0.000169989
0.269 0.000170904
0.2695 0.00017182
0.27 0.000172739
0.2705 0.000173659
0.271 0.000174581
0.2715 0.000175505
0.272 0.00017643
0.2725 0.000177357
0.273 0.000178286
0.2735 0.000179217
0.274 0.000180149
0.2745 0.000181083
0.275 0.000182018
0.2755 0.000182956
0.276 0.000183895
0.2765 0.000184835
0.277 0.000185777
0.2775 0.000186721
0.278 0.000187666
0.2785 0.000188613
0.279 0.000189561
0.2795 0.000190511
0.28 0.000191462
0.2805 0.000192415
0.281 0.000193369
0.2815 0.000194324
0.282 0.000195281
0.2825 0.00019624
0.283 0.0001972
0.2835 0.000198161
0.284 0.000199123
0.2845 0.000200087
0.285 0.000201053
0.2855 0.000202019
0.286 0.000202987
0.2865 0.000203956
0.287 0.000204926
0.2875 0.000205898
0.288 0.000206871
0.2885 0.000207845
0.289 0.00020882
0.2895 0.000209796
0.29 0.000210773
0.2905 0.000211752
0.291 0.000212732
0.2915 0.000213712
0.292 0.000214694
0.2925 0.000215677
0.293 0.000216661
0.2935 0.000217646
0.294 0.000218632
0.2945 0.000219618
0.295 0.000220606
0.2955 0.000221595
0.296 0.000222585
0.2965 0.000223575
0.297 0.000224566
0.2975 0.000225559
0.298 0.000226552
0.2985 0.000227546
0.299 0.000228541
0.2995 0.000229536
0.3 0.000230532
0.3005 0.000231529
0.301 0.000232527
0.3015 0.000233525
0.302 0.000234524
0.3025 0.000235524
0.303 0.000236525
0.3035 0.000237526
0.304 0.000238527
0.3045 0.000239529
0.305 0.000240532
0.3055 0.000241535
0.306 0.000242539
0.3065 0.000243544
0.307 0.000244548
0.3075 0.000245554
0.308 0.000246559
0.3085 0.000247565
0.309 0.000248572
0.3095 0.000249579
0.31 0.000250586
0.3105 0.000251593
0.311 0.000252601
0.3115 0.000253609
0.312 0.000254618
0.3125 0.000255626
0.313 0.000256635
0.3135 0.000257644
0.314 0.000258654
0.3145 0.000259663
0.315 0.000260673
0.3155 0.000261682
0.316 0.000262692
0.3165 0.000263702
0.317 0.000264712
0.3175 0.000265722
0.318 0.000266732
0.3185 0.000267742
0.319 0.000268752
0.3195 0.000269762
0.32 0.000270771
0.3205 0.000271781
0.321 0.000272791
0.3215 0.0002738
0.322 0.000274809
0.3225 0.000275819
0.323 0.000276827
0.3235 0.000277836
0.324 0.000278845
0.3245 0.000279853
0.325 0.000280861
0.3255 0.000281868
0.326 0.000282875
0.3265 0.000283882
0.327 0.000284889
0.3275 0.000285895
0.328 0.0002869
0.3285 0.000287906
0.329 0.00028891
0.3295 0.000289915
0.33 0.000290918
0.3305 0.000291922
0.331 0.000292924
0.3315 0.000293926
0.332 0.000294928
0.3325 0.000295929
0.333 0.000296929
0.3335 0.000297928
0.334 0.000298927
0.3345 0.000299925
0.335 0.000300923
0.3355 0.000301919
0.336 0.000302915
0.3365 0.00030391
0.337 0.000304904
0.3375 0.000305898
0.338 0.00030689
0.3385 0.000307882
0.339 0.000308872
0.3395 0.000309862
0.34 0.000310851
0.3405 0.000311839
0.341 0.000312825
0.3415 0.000313811
0.342 0.000314796
0.3425 0.000315779
0.343 0.000316762
0.3435 0.000317743
0.344 0.000318724
0.3445 0.000319703
0.345 0.00032068
0.3455 0.000321657
0.346 0.000322633
0.3465 0.000323607
0.347 0.00032458
0.3475 0.000325551
0.348 0.000326522
0.3485 0.00032749
0.349 0.000328458
0.3495 0.000329424
0.35 0.000330389
0.3505 0.000331352
0.351 0.000332314
0.3515 0.000333275
0.352 0.000334233
0.3525 0.000335191
0.353 0.000336147
0.3535 0.000337101
0.354 0.000338053
0.3545 0.000339004
0.355 0.000339954
0.3555 0.000340902
0.356 0.000341848
0.3565 0.000342792
0.357 0.000343734
0.3575 0.000344675
0.358 0.000345614
0.3585 0.000346552
0.359 0.000347487
0.3595 0.000348421
0.36 0.000349352
0.3605 0.000350282
0.361 0.00035121
0.3615 0.000352136
0.362 0.00035306
0.3625 0.000353982
0.363 0.000354902
0.3635 0.000355821
0.364 0.000356737
0.3645 0.000357651
0.365 0.000358562
0.3655 0.000359472
0.366 0.00036038
0.3665 0.000361285
0.367 0.000362189
0.3675 0.00036309
0.368 0.000363989
0.3685 0.000364886
0.369 0.00036578
0.3695 0.000366672
0.37 0.000367562
0.3705 0.000368449
0.371 0.000369335
0.3715 0.000370217
0.372 0.000371098
0.3725 0.000371976
0.373 0.000372851
0.3735 0.000373725
0.374 0.000374595
0.3745 0.000375463
0.375 0.000376329
0.3755 0.000377192
0.376 0.000378053
0.3765 0.000378911
0.377 0.000379766
0.3775 0.000380619
0.378 0.000381469
0.3785 0.000382316
0.379 0.000383161
0.3795 0.000384003
0.38 0.000384842
0.3805 0.000385679
0.381 0.000386513
0.3815 0.000387344
0.382 0.000388172
0.3825 0.000388997
0.383 0.00038982
0.3835 0.00039064
0.384 0.000391456
0.3845 0.00039227
0.385 0.000393081
0.3855 0.000393889
0.386 0.000394694
0.3865 0.000395496
0.387 0.000396295
0.3875 0.000397091
0.388 0.000397884
0.3885 0.000398674
0.389 0.000399461
0.3895 0.000400244
0.39 0.000401025
0.3905 0.000401802
0.391 0.000402576
0.3915 0.000403347
0.392 0.000404115
0.3925 0.00040488
0.393 0.000405641
0.3935 0.000406399
0.394 0.000407154
0.3945 0.000407905
0.395 0.000408654
0.3955 0.000409398
0.396 0.00041014
0.3965 0.000410878
0.397 0.000411613
0.3975 0.000412344
0.398 0.000413072
0.3985 0.000413796
0.399 0.000414517
0.3995 0.000415234
0.4 0.000415948
0.4005 0.000416659
0.401 0.000417366
0.4015 0.000418069
0.402 0.000418769
0.4025 0.000419465
0.403 0.000420157
0.4035 0.000420846
0.404 0.000421531
0.4045 0.000422213
0.405 0.000422891
0.4055 0.000423565
0.406 0.000424235
0.4065 0.000424902
0.407 0.000425565
0.4075 0.000426224
0.408 0.00042688
0.4085 0.000427531
0.409 0.000428179
0.4095 0.000428823
0.41 0.000429463
0.4105 0.0004301
0.411 0.000430732
0.4115 0.00043136
0.412 0.000431985
0.4125 0.000432606
0.413 0.000433222
0.4135 0.000433835
0.414 0.000434444
0.4145 0.000435048
0.415 0.000435649
0.4155 0.000436246
0.416 0.000436839
0.4165 0.000437427
0.417 0.000438012
0.4175 0.000438592
0.418 0.000439169
0.4185 0.000439741
0.419 0.000440309
0.4195 0.000440873
0.42 0.000441433
0.4205 0.000441988
0.421 0.00044254
0.4215 0.000443087
0.422 0.00044363
0.4225 0.000444169
0.423 0.000444703
0.4235 0.000445234
0.424 0.00044576
0.4245 0.000446281
0.425 0.000446799
0.4255 0.000447312
0.426 0.000447821
0.4265 0.000448325
0.427 0.000448825
0.4275 0.000449321
0.428 0.000449812
0.4285 0.000450299
0.429 0.000450782
0.4295 0.00045126
0.43 0.000451734
0.4305 0.000452203
0.431 0.000452668
0.4315 0.000453128
0.432 0.000453584
0.4325 0.000454035
0.433 0.000454482
0.4335 0.000454925
0.434 0.000455363
0.4345 0.000455796
0.435 0.000456225
0.4355 0.000456649
0.436 0.000457068
0.4365 0.000457484
0.437 0.000457894
0.4375 0.0004583
0.438 0.000458701
0.4385 0.000459098
0.439 0.00045949
0.4395 0.000459877
0.44 0.00046026
0.4405 0.000460638
0.441 0.000461011
0.4415 0.00046138
0.442 0.000461744
0.4425 0.000462103
0.443 0.000462458
0.4435 0.000462808
0.444 0.000463153
0.4445 0.000463493
0.445 0.000463829
0.4455 0.00046416
0.446 0.000464486
0.4465 0.000464808
0.447 0.000465124
0.4475 0.000465436
0.448 0.000465743
0.4485 0.000466045
0.449 0.000466343
0.4495 0.000466635
0.45 0.000466923
0.4505 0.000467206
0.451 0.000467484
0.4515 0.000467757
0.452 0.000468025
0.4525 0.000468289
0.453 0.000468547
0.4535 0.000468801
0.454 0.00046905
0.4545 0.000469294
0.455 0.000469533
0.4555 0.000469767
0.456 0.000469996
0.4565 0.000470221
0.457 0.00047044
0.4575 0.000470654
0.458 0.000470864
0.4585 0.000471068
0.459 0.000471268
0.4595 0.000471463
0.46 0.000471652
0.4605 0.000471837
0.461 0.000472017
0.4615 0.000472192
0.462 0.000472362
0.4625 0.000472526
0.463 0.000472686
0.4635 0.000472841
0.464 0.000472991
0.4645 0.000473136
0.465 0.000473276
0.4655 0.000473411
0.466 0.00047354
0.4665 0.000473665
0.467 0.000473785
0.4675 0.0004739
0.468 0.00047401
0.4685 0.000474114
0.469 0.000474214
0.4695 0.000474309
0.47 0.000474398
0.4705 0.000474483
0.471 0.000474562
0.4715 0.000474637
0.472 0.000474706
0.4725 0.000474771
0.473 0.00047483
0.4735 0.000474885
0.474 0.000474934
0.4745 0.000474978
0.475 0.000475017
0.4755 0.000475051
0.476 0.00047508
0.4765 0.000475104
0.477 0.000475123
0.4775 0.000475137
0.478 0.000475146
0.4785 0.00047515
0.479 0.000475148
0.4795 0.000475142
0.48 0.000475131
0.4805 0.000475114
0.481 0.000475093
0.4815 0.000475066
0.482 0.000475034
0.4825 0.000474998
0.483 0.000474956
0.4835 0.000474909
0.484 0.000474857
0.4845 0.0004748
0.485 0.000474738
0.4855 0.000474671
0.486 0.000474599
0.4865 0.000474522
0.487 0.000474439
0.4875 0.000474352
0.488 0.00047426
0.4885 0.000474163
0.489 0.00047406
0.4895 0.000473953
0.49 0.00047384
0.4905 0.000473723
0.491 0.0004736
0.4915 0.000473473
0.492 0.00047334
0.4925 0.000473202
0.493 0.00047306
0.4935 0.000472912
0.494 0.00047276
0.4945 0.000472602
0.495 0.000472439
0.4955 0.000472272
0.496 0.000472099
0.4965 0.000471921
0.497 0.000471739
0.4975 0.000471551
0.498 0.000471358
0.4985 0.000471161
0.499 0.000470958
0.4995 0.000470751
0.5 0.000470538
0.5005 0.000470321
0.501 0.000470099
0.5015 0.000469871
0.502 0.000469639
0.5025 0.000469402
0.503 0.00046916
0.5035 0.000468913
0.504 0.000468661
0.5045 0.000468404
0.505 0.000468142
0.5055 0.000467876
0.506 0.000467604
0.5065 0.000467328
0.507 0.000467047
0.5075 0.00046676
0.508 0.000466469
0.5085 0.000466174
0.509 0.000465873
0.5095 0.000465567
0.51 0.000465257
0.5105 0.000464942
0.511 0.000464622
0.5115 0.000464297
0.512 0.000463968
0.5125 0.000463633
0.513 0.000463294
0.5135 0.00046295
0.514 0.000462601
0.5145 0.000462248
0.515 0.00046189
0.5155 0.000461527
0.516 0.000461159
0.5165 0.000460787
0.517 0.000460409
0.5175 0.000460028
0.518 0.000459641
0.5185 0.00045925
0.519 0.000458854
0.5195 0.000458453
0.52 0.000458048
0.5205 0.000457638
0.521 0.000457224
0.5215 0.000456805
0.522 0.000456381
0.5225 0.000455953
0.523 0.00045552
0.5235 0.000455082
0.524 0.00045464
0.5245 0.000454194
0.525 0.000453743
0.5255 0.000453287
0.526 0.000452827
0.5265 0.000452362
0.527 0.000451893
0.5275 0.000451419
0.528 0.000450941
0.5285 0.000450458
0.529 0.000449971
0.5295 0.000449479
0.53 0.000448983
0.5305 0.000448483
0.531 0.000447978
0.5315 0.000447468
0.532 0.000446955
0.5325 0.000446437
0.533 0.000445914
0.5335 0.000445388
0.534 0.000444857
0.5345 0.000444321
0.535 0.000443782
0.5355 0.000443238
0.536 0.000442689
0.5365 0.000442137
0.537 0.00044158
0.5375 0.000441019
0.538 0.000440454
0.5385 0.000439884
0.539 0.000439311
0.5395 0.000438733
0.54 0.000438151
0.5405 0.000437565
0.541 0.000436974
0.5415 0.00043638
0.542 0.000435781
0.5425 0.000435179
0.543 0.000434572
0.5435 0.000433961
0.544 0.000433346
0.5445 0.000432728
0.545 0.000432105
0.5455 0.000431478
0.546 0.000430847
0.5465 0.000430212
0.547 0.000429573
0.5475 0.00042893
0.548 0.000428284
0.5485 0.000427633
0.549 0.000426978
0.5495 0.00042632
0.55 0.000425658
0.5505 0.000424992
0.551 0.000424322
0.5515 0.000423648
0.552 0.00042297
0.5525 0.000422289
0.553 0.000421604
0.5535 0.000420915
0.554 0.000420222
0.5545 0.000419526
0.555 0.000418826
0.5555 0.000418122
0.556 0.000417415
0.5565 0.000416704
0.557 0.000415989
0.5575 0.000415271
0.558 0.000414549
0.5585 0.000413824
0.559 0.000413095
0.5595 0.000412362
0.56 0.000411626
0.5605 0.000410886
0.561 0.000410143
0.5615 0.000409397
0.562 0.000408647
0.5625 0.000407893
0.563 0.000407136
0.5635 0.000406376
0.564 0.000405612
0.5645 0.000404845
0.565 0.000404075
0.5655 0.000403301
0.566 0.000402524
0.5665 0.000401744
0.567 0.00040096
0.5675 0.000400173
0.568 0.000399383
0.5685 0.00039859
0.569 0.000397793
0.5695 0.000396994
0.57 0.000396191
0.5705 0.000395385
0.571 0.000394576
0.5715 0.000393764
0.572 0.000392948
0.5725 0.00039213
0.573 0.000391309
0.5735 0.000390484
0.574 0.000389657
0.5745 0.000388826
0.575 0.000387993
0.5755 0.000387157
0.576 0.000386317
0.5765 0.000385475
0.577 0.00038463
0.5775 0.000383782
0.578 0.000382932
0.5785 0.000382078
0.579 0.000381222
0.5795 0.000380362
0.58 0.000379501
0.5805 0.000378636
0.581 0.000377768
0.5815 0.000376898
0.582 0.000376026
0.5825 0.00037515
0.583 0.000374272
0.5835 0.000373391
0.584 0.000372508
0.5845 0.000371622
0.585 0.000370734
0.5855 0.000369843
0.586 0.000368949
0.5865 0.000368053
0.587 0.000367155
0.5875 0.000366254
0.588 0.00036535
0.5885 0.000364444
0.589 0.000363536
0.5895 0.000362626
0.59 0.000361713
0.5905 0.000360797
0.591 0.00035988
0.5915 0.00035896
0.592 0.000358038
0.5925 0.000357114
0.593 0.000356187
0.5935 0.000355258
0.594 0.000354327
0.5945 0.000353394
0.595 0.000352459
0.5955 0.000351522
0.596 0.000350582
0.5965 0.00034964
0.597 0.000348697
0.5975 0.000347751
0.598 0.000346804
0.5985 0.000345854
0.599 0.000344902
0.5995 0.000343949
0.6 0.000342993
0.6005 0.000342036
0.601 0.000341077
0.6015 0.000340116
0.602 0.000339153
0.6025 0.000338188
0.603 0.000337222
0.6035 0.000336253
0.604 0.000335283
0.6045 0.000334312
0.605 0.000333338
0.6055 0.000332363
0.606 0.000331386
0.6065 0.000330408
0.607 0.000329428
0.6075 0.000328446
0.608 0.000327463
0.6085 0.000326478
0.609 0.000325492
0.6095 0.000324504
0.61 0.000323515
0.6105 0.000322524
0.611 0.000321532
0.6115 0.000320539
0.612 0.000319544
0.6125 0.000318547
0.613 0.00031755
0.6135 0.000316551
0.614 0.00031555
0.6145 0.000314549
0.615 0.000313546
0.6155 0.000312542
0.616 0.000311537
0.6165 0.00031053
0.617 0.000309523
0.6175 0.000308514
0.618 0.000307504
0.6185 0.000306493
0.619 0.000305481
0.6195 0.000304468
0.62 0.000303453
0.6205 0.000302438
0.621 0.000301422
0.6215 0.000300405
0.622 0.000299387
0.6225 0.000298368
0.623 0.000297348
0.6235 0.000296327
0.624 0.000295309
0.6245 0.000294286
0.625 0.000293263
0.6255 0.000292239
0.626 0.000291214
0.6265 0.000290189
0.627 0.000289158
0.6275 0.000288131
0.628 0.000287104
0.6285 0.000286075
0.629 0.000285046
0.6295 0.000284017
0.63 0.000282986
0.6305 0.000281956
0.631 0.000280924
0.6315 0.000279892
0.632 0.00027886
0.6325 0.000277827
0.633 0.000276794
0.6335 0.00027576
0.634 0.000274726
0.6345 0.000273691
0.635 0.000272656
0.6355 0.000271621
0.636 0.000270586
0.6365 0.00026955
0.637 0.000268513
0.6375 0.000267477
0.638 0.00026644
0.6385 0.000265403
0.639 0.000264366
0.6395 0.000263329
0.64 0.000262292
0.6405 0.000261254
0.641 0.000260216
0.6415 0.000259179
0.642 0.000258141
0.6425 0.000257103
0.643 0.000256065
0.6435 0.000255027
0.644 0.000253989
0.6445 0.000252951
0.645 0.000251914
0.6455 0.000250876
0.646 0.000249838
0.6465 0.000248801
0.647 0.000247763
0.6475 0.000246726
0.648 0.000245689
0.6485 0.000244653
0.649 0.000243616
0.6495 0.00024258
0.65 0.000241544
0.6505 0.000240508
0.651 0.000239473
0.6515 0.000238438
0.652 0.000237403
0.6525 0.000236369
0.653 0.000235335
0.6535 0.000234302
0.654 0.000233269
0.6545 0.000232236
0.655 0.000231204
0.6555 0.000230172
0.656 0.000229141
0.6565 0.000228111
0.657 0.000227081
0.6575 0.000226052
0.658 0.000225023
0.6585 0.000223995
0.659 0.000222967
0.6595 0.000221941
0.66 0.000220914
0.6605 0.000219889
0.661 0.000218864
0.6615 0.00021784
0.662 0.000216817
0.6625 0.000215795
0.663 0.000214773
0.6635 0.000213753
0.664 0.000212733
0.6645 0.000211714
0.665 0.000210696
0.6655 0.000209678
0.666 0.000208662
0.6665 0.000207647
0.667 0.000206632
0.6675 0.000205619
0.668 0.000204607
0.6685 0.000203595
0.669 0.000202585
0.6695 0.000201576
0.67 0.000200567
0.6705 0.00019956
0.671 0.000198554
0.6715 0.00019755
0.672 0.000196546
0.6725 0.000195543
0.673 0.000194542
0.6735 0.000193542
0.674 0.000192543
0.6745 0.000191546
0.675 0.000190549
0.6755 0.000189554
0.676 0.00018856
0.6765 0.000187568
0.677 0.000186577
0.6775 0.000185587
0.678 0.000184599
0.6785 0.000183612
0.679 0.000182626
0.6795 0.000181642
0.68 0.00018066
0.6805 0.000179678
0.681 0.000178699
0.6815 0.000177721
0.682 0.000176744
0.6825 0.000175769
0.683 0.000174795
0.6835 0.000173823
0.684 0.000172853
0.6845 0.000171884
0.685 0.000170917
0.6855 0.000169951
0.686 0.000168987
0.6865 0.000168025
0.687 0.000167065
0.6875 0.000166106
0.688 0.000165149
0.6885 0.000164193
0.689 0.00016324
0.6895 0.000162288
0.69 0.000161338
0.6905 0.00016039
0.691 0.000159443
0.6915 0.000158499
0.692 0.000157556
0.6925 0.000156615
0.693 0.000155676
0.6935 0.000154739
0.694 0.000153804
0.6945 0.000152871
0.695 0.00015194
0.6955 0.000151011
0.696 0.000150083
0.6965 0.000149158
0.697 0.000148235
0.6975 0.000147314
0.698 0.000146394
0.6985 0.000145477
0.699 0.000144562
0.6995 0.000143649
0.7 0.000142738
0.7005 0.00014183
0.701 0.000140923
0.7015 0.000140019
0.702 0.000139116
0.7025 0.000138216
0.703 0.000137318
0.7035 0.000136423
0.704 0.000135529
0.7045 0.000134638
0.705 0.000133749
0.7055 0.000132862
0.706 0.000131977
0.7065 0.000131095
0.707 0.000130215
0.7075 0.000129338
0.708 0.000128462
0.7085 0.000127589
0.709 0.000126719
0.7095 0.000125851
0.71 0.000124985
0.7105 0.000124121
0.711 0.00012326
0.7115 0.000122402
0.712 0.000121546
0.7125 0.000120692
0.713 0.000119841
0.7135 0.000118992
0.714 0.000118146
0.7145 0.000117302
0.715 0.00011646
0.7155 0.000115622
0.716 0.000114785
0.7165 0.000113952
0.717 0.00011312
0.7175 0.000112292
0.718 0.000111466
0.7185 0.000110642
0.719 0.000109822
0.7195 0.000109003
0.72 0.000108188
0.7205 0.000107375
0.721 0.000106564
0.7215 0.000105757
0.722 0.000104952
0.7225 0.000104149
0.723 0.00010335
0.7235 0.000102553
0.724 0.000101759
0.7245 0.000100967
0.725 0.000100178
0.7255 9.93924e-05
0.726 9.86091e-05
0.7265 9.78286e-05
0.727 9.70509e-05
0.7275 9.62759e-05
0.728 9.55037e-05
0.7285 9.47344e-05
0.729 9.39678e-05
0.7295 9.32041e-05
0.73 9.24432e-05
0.7305 9.16851e-05
0.731 9.09299e-05
0.7315 9.01775e-05
0.732 8.94281e-05
0.7325 8.86814e-05
0.733 8.79377e-05
0.7335 8.71969e-05
0.734 8.64589e-05
0.7345 8.57239e-05
0.735 8.49918e-05
0.7355 8.42626e-05
0.736 8.35363e-05
0.7365 8.2813e-05
0.737 8.20927e-05
0.7375 8.13752e-05
0.738 8.06608e-05
0.7385 7.99494e-05
0.739 7.92409e-05
0.7395 7.85354e-05
0.74 7.78329e-05
0.7405 7.71334e-05
0.741 7.64369e-05
0.7415 7.57435e-05
0.742 7.5053e-05
0.7425 7.43656e-05
0.743 7.36813e-05
0.7435 7.3e-05
0.744 7.23217e-05
0.7445 7.16465e-05
0.745 7.09744e-05
0.7455 7.03053e-05
0.746 6.96393e-05
0.7465 6.89764e-05
0.747 6.83166e-05
0.7475 6.76599e-05
0.748 6.70063e-05
0.7485 6.63558e-05
0.749 6.57084e-05
0.7495 6.50642e-05
0.75 6.4423e-05
0.7505 6.3785e-05
0.751 6.31502e-05
0.7515 6.25185e-05
0.752 6.18899e-05
0.7525 6.12644e-05
0.753 6.06422e-05
0.7535 6.00231e-05
0.754 5.94071e-05
0.7545 5.87944e-05
0.755 5.81848e-05
0.7555 5.75784e-05
0.756 5.69751e-05
0.7565 5.63751e-05
0.757 5.57782e-05
0.7575 5.51846e-05
0.758 5.45941e-05
0.7585 5.40069e-05
0.759 5.34229e-05
0.7595 5.2842e-05
0.76 5.22644e-05
0.7605 5.16901e-05
0.761 5.11189e-05
0.7615 5.05509e-05
0.762 4.99862e-05
0.7625 4.94248e-05
0.763 4.88665e-05
0.7635 4.83115e-05
0.764 4.77598e-05
0.7645 4.72112e-05
0.765 4.6666e-05
0.7655 4.6124e-05
0.766 4.55852e-05
0.7665 4.50497e-05
0.767 4.45174e-05
0.7675 4.39884e-05
0.768 4.34627e-05
0.7685 4.29402e-05
0.769 4.2421e-05
0.7695 4.1905e-05
0.77 4.13923e-05
0.7705 4.08829e-05
0.771 4.03768e-05
0.7715 3.98739e-05
0.772 3.93743e-05
0.7725 3.8878e-05
0.773 3.8385e-05
0.7735 3.78952e-05
0.774 3.74087e-05
0.7745 3.69255e-05
0.775 3.64456e-05
0.7755 3.59689e-05
0.776 3.54955e-05
0.7765 3.50254e-05
0.777 3.45586e-05
0.7775 3.40951e-05
0.778 3.36349e-05
0.7785 3.31779e-05
0.779 3.27242e-05
0.7795 3.22738e-05
0.78 3.18267e-05
0.7805 3.13829e-05
0.781 3.09423e-05
0.7815 3.0505e-05
0.782 3.0071e-05
0.7825 2.96403e-05
0.783 2.92129e-05
0.7835 2.87887e-05
0.784 2.83678e-05
0.7845 2.79502e-05
0.785 2.75359e-05
0.7855 2.71249e-05
0.786 2.67171e-05
0.7865 2.63126e-05
0.787 2.59113e-05
0.7875 2.55133e-05
0.788 2.51186e-05
0.7885 2.47272e-05
0.789 2.4339e-05
0.7895 2.39541e-05
0.79 2.35725e-05
0.7905 2.31941e-05
0.791 2.28189e-05
0.7915 2.2447e-05
0.792 2.20784e-05
0.7925 2.1713e-05
0.793 2.13508e-05
0.7935 2.09919e-05
0.794 2.06363e-05
0.7945 2.02839e-05
0.795 1.99347e-05
0.7955 1.95887e-05
0.796 1.9246e-05
0.7965 1.89065e-05
0.797 1.85702e-05
0.7975 1.82372e-05
0.798 1.79074e-05
0.7985 1.75807e-05
0.799 1.72573e-05
0.7995 1.69371e-05
0.8 1.66201e-05
0.8005 1.63063e-05
0.801 1.59957e-05
0.8015 1.56883e-05
0.802 1.53841e-05
0.8025 1.5083e-05
0.803 1.47852e-05
0.8035 1.44905e-05
0.804 1.41989e-05
0.8045 1.39106e-05
0.805 1.36254e-05
0.8055 1.33434e-05
0.806 1.30645e-05
0.8065 1.27888e-05
0.807 1.25162e-05
0.8075 1.22467e-05
0.808 1.19804e-05
0.8085 1.17172e-05
0.809 1.14572e-05
0.8095 1.12002e-05
0.81 1.09464e-05
0.8105 1.06957e-05
0.811 1.04481e-05
0.8115 1.02036e-05
0.812 9.96215e-06
0.8125 9.72382e-06
0.813 9.48856e-06
0.8135 9.25638e-06
0.814 9.02727e-06
0.8145 8.80123e-06
0.815 8.57824e-06
0.8155 8.35831e-06
0.816 8.14142e-06
0.8165 7.92757e-06
0.817 7.71675e-06
0.8175 7.50896e-06
0.818 7.30419e-06
0.8185 7.10244e-06
0.819 6.9037e-06
0.8195 6.70795e-06
0.82 6.5152e-06
0.8205 6.32544e-06
0.821 6.13866e-06
0.8215 5.95486e-06
0.822 5.77402e-06
0.8225 5.59614e-06
0.823 5.42122e-06
0.8235 5.24924e-06
0.824 5.08021e-06
0.8245 4.9141e-06
0.825 4.75092e-06
0.8255 4.59066e-06
0.826 4.43331e-06
0.8265 4.27886e-06
0.827 4.1273e-06
0.8275 3.97864e-06
0.828 3.83285e-06
0.8285 3.68993e-06
0.829 3.54988e-06
0.8295 3.41269e-06
0.83 3.27834e-06
0.8305 3.14683e-06
0.831 3.01816e-06
0.8315 2.89231e-06
0.832 2.76928e-06
0.8325 2.64905e-06
0.833 2.53163e-06
0.8335 2.41699e-06
0.834 2.30514e-06
0.8345 2.19606e-06
0.835 2.08975e-06
0.8355 1.9862e-06
0.836 1.88539e-06
0.8365 1.78733e-06
0.837 1.692e-06
0.8375 1.59938e-06
0.838 1.50949e-06
0.8385 1.42229e-06
0.839 1.3378e-06
0.8395 1.25599e-06
0.84 1.17685e-06
0.8405 1.10039e-06
0.841 1.02658e-06
0.8415 9.5543e-07
0.842 8.86916e-07
0.8425 8.21033e-07
0.843 7.57773e-07
0.8435 6.97125e-07
0.844 6.39081e-07
0.8445 5.8363e-07
0.845 5.30764e-07
0.8455 4.80472e-07
0.846 4.32744e-07
0.8465 3.87572e-07
0.847 3.44945e-07
0.8475 3.04853e-07
0.848 2.67288e-07
0.8485 2.32237e-07
0.849 1.99693e-07
0.8495 1.69644e-07
0.85 1.42081e-07
0.8505 1.16993e-07
0.851 9.43707e-08
0.8515 7.42036e-08
0.852 5.64815e-08
0.8525 4.1194e-08
0.853 2.8331e-08
0.8535 1.7882e-08
0.854 9.83652e-09
0.8545 4.18425e-09
0.855 9.14653e-10
0.8555 1.72072e-11
0.856 1.48134e-09
0.8565 5.29645e-09
0.857 1.14519e-08
0.8575 1.9937e-08
0.858 3.07409e-08
0.8585 4.38531e-08
0.859 5.92626e-08
0.8595 7.69585e-08
0.86 9.69302e-08
0.8605 1.19167e-07
0.861 1.43657e-07
0.8615 1.7039e-07
0.862 1.99354e-07
0.8625 2.3054e-07
0.863 2.63935e-07
0.8635 2.99528e-07
0.864 3.37309e-07
0.8645 3.77266e-07
0.865 4.19388e-07
0.8655 4.63664e-07
0.866 5.10082e-07
0.8665 5.58631e-07
0.867 6.093e-07
0.8675 6.62077e-07
0.868 7.16951e-07
0.8685 7.73911e-07
0.869 8.32945e-07
0.8695 8.94041e-07
0.87 9.57188e-07
0.8705 1.02237e-06
0.871 1.08959e-06
0.8715 1.15882e-06
0.872 1.23006e-06
0.8725 1.30328e-06
0.873 1.37849e-06
0.8735 1.45567e-06
0.874 1.53481e-06
0.8745 1.61589e-06
0.875 1.69891e-06
0.8755 1.78385e-06
0.876 1.8707e-06
0.8765 1.95945e-06
0.877 2.05009e-06
0.8775 2.1426e-06
0.878 2.23697e-06
0.8785 2.3332e-06
0.879 2.43126e-06
0.8795 2.53115e-06
0.88 2.63286e-06
0.8805 2.73637e-06
0.881 2.84167e-06
0.8815 2.94875e-06
0.882 3.0576e-06
0.8825 3.1682e-06
0.883 3.28055e-06
0.8835 3.39462e-06
0.884 3.51041e-06
0.8845 3.62791e-06
0.885 3.74711e-06
0.8855 3.86798e-06
0.886 3.99053e-06
0.8865 4.11473e-06
0.887 4.24058e-06
0.8875 4.36806e-06
0.888 4.49716e-06
0.8885 4.62787e-06
0.889 4.76018e-06
0.8895 4.89407e-06
0.89 5.02953e-06
0.8905 5.16655e-06
0.891 5.30512e-06
0.8915 5.44522e-06
0.892 5.58685e-06
0.8925 5.72998e-06
0.893 5.87461e-06
0.8935 6.02073e-06
0.894 6.16832e-06
0.8945 6.31737e-06
0.895 6.46786e-06
0.8955 6.6198e-06
0.896 6.77315e-06
0.8965 6.92792e-06
0.897 7.08408e-06
0.8975 7.24163e-06
0.898 7.40055e-06
0.8985 7.56083e-06
0.899 7.72246e-06
0.8995 7.88543e-06
0.9 8.04972e-06
0.9005 8.21532e-06
0.901 8.38222e-06
0.9015 8.55041e-06
0.902 8.71987e-06
0.9025 8.89059e-06
0.903 9.06255e-06
0.9035 9.23576e-06
0.904 9.41019e-06
0.9045 9.58583e-06
0.905 9.76266e-06
0.9055 9.94069e-06
0.906 1.01199e-05
0.9065 1.03002e-05
0.907 1.04817e-05
0.9075 1.06644e-05
0.908 1.08482e-05
0.9085 1.1033e-05
0.909 1.1219e-05
0.9095 1.14061e-05
0.91 1.15942e-05
0.9105 1.17834e-05
0.911 1.19737e-05
0.9115 1.21649e-05
0.912 1.23573e-05
0.9125 1.25506e-05
0.913 1.27449e-05
0.9135 1.29402e-05
0.914 1.31365e-05
0.9145 1.33337e-05
0.915 1.35319e-05
0.9155 1.37311e-05
0.916 1.39311e-05
0.9165 1.41321e-05
0.917 1.43339e-05
0.9175 1.45367e-05
0.918 1.47403e-05
0.9185 1.49448e-05
0.919 1.51502e-05
0.9195 1.53564e-05
0.92 1.55634e-05
0.9205 1.57712e-05
0.921 1.59798e-05
0.9215 1.61892e-05
0.922 1.63994e-05
0.9225 1.66104e-05
0.923 1.68221e-05
0.9235 1.70346e-05
0.924 1.72477e-05
0.9245 1.74616e-05
0.925 1.76762e-05
0.9255 1.78915e-05
0.926 1.81075e-05
0.9265 1.83242e-05
0.927 1.85415e-05
0.9275 1.87594e-05
0.928 1.8978e-05
0.9285 1.91972e-05
0.929 1.9417e-05
0.9295 1.96374e-05
0.93 1.98584e-05
0.9305 2.00799e-05
0.931 2.0302e-05
0.9315 2.05247e-05
0.932 2.07479e-05
0.9325 2.09716e-05
0.933 2.11958e-05
0.9335 2.14206e-05
0.934 2.16458e-05
0.9345 2.18715e-05
0.935 2.20977e-05
0.9355 2.23243e-05
0.936 2.25513e-05
0.9365 2.27788e-05
0.937 2.30067e-05
0.9375 2.3235e-05
0.938 2.34638e-05
0.9385 2.36929e-05
0.939 2.39223e-05
0.9395 2.41521e-05
0.94 2.43823e-05
0.9405 2.46128e-05
0.941 2.48437e-05
0.9415 2.50748e-05
0.942 2.53063e-05
0.9425 2.5538e-05
0.943 2.577e-05
0.9435 2.60023e-05
0.944 2.62349e-05
0.9445 2.64677e-05
0.945 2.67007e-05
0.9455 2.6934e-05
0.946 2.71674e-05
0.9465 2.74011e-05
0.947 2.7635e-05
0.9475 2.7869e-05
0.948 2.81032e-05
0.9485 2.83376e-05
0.949 2.85721e-05
0.9495 2.88067e-05
0.95 2.90415e-05
0.9505 2.92764e-05
0.951 2.95114e-05
0.9515 2.97464e-05
0.952 2.99816e-05
0.9525 3.02168e-05
0.953 3.04521e-05
0.9535 3.06874e-05
0.954 3.09228e-05
0.9545 3.11582e-05
0.955 3.13936e-05
0.9555 3.1629e-05
0.956 3.18644e-05
0.9565 3.20998e-05
0.957 3.23352e-05
0.9575 3.25705e-05
0.958 3.28058e-05
0.9585 3.3041e-05
0.959 3.32762e-05
0.9595 3.35113e-05
0.96 3.37463e-05
0.9605 3.39812e-05
0.961 3.42159e-05
0.9615 3.44506e-05
0.962 3.46851e-05
0.9625 3.49195e-05
0.963 3.51538e-05
0.9635 3.53879e-05
0.964 3.56218e-05
0.9645 3.58555e-05
0.965 3.60891e-05
0.9655 3.63224e-05
0.966 3.65555e-05
0.9665 3.67885e-05
0.967 3.70212e-05
0.9675 3.72536e-05
0.968 3.74858e-05
0.9685 3.77178e-05
0.969 3.79494e-05
0.9695 3.81808e-05
0.97 3.84119e-05
0.9705 3.86428e-05
0.971 3.88733e-05
0.9715 3.91035e-05
0.972 3.93333e-05
0.9725 3.95629e-05
0.973 3.9792e-05
0.9735 4.00209e-05
0.974 4.02494e-05
0.9745 4.04775e-05
0.975 4.07052e-05
0.9755 4.09326e-05
0.976 4.11595e-05
0.9765 4.1386e-05
0.977 4.16122e-05
0.9775 4.18379e-05
0.978 4.20631e-05
0.9785 4.2288e-05
0.979 4.25123e-05
0.9795 4.27362e-05
0.98 4.29597e-05
0.9805 4.31826e-05
0.981 4.34051e-05
0.9815 4.36271e-05
0.982 4.38486e-05
0.9825 4.40696e-05
0.983 4.429e-05
0.9835 4.45099e-05
0.984 4.47293e-05
0.9845 4.49482e-05
0.985 4.51664e-05
0.9855 4.53842e-05
0.986 4.56013e-05
0.9865 4.58179e-05
0.987 4.60339e-05
0.9875 4.62493e-05
0.988 4.64641e-05
0.9885 4.66783e-05
0.989 4.68919e-05
0.9895 4.71048e-05
0.99 4.73171e-05
0.9905 4.75288e-05
0.991 4.77398e-05
0.9915 4.79502e-05
0.992 4.81599e-05
0.9925 4.83689e-05
0.993 4.85773e-05
0.9935 4.8785e-05
0.994 4.89919e-05
0.9945 4.91982e-05
0.995 4.94038e-05
0.9955 4.96086e-05
0.996 4.98128e-05
0.9965 5.00162e-05
0.997 5.02188e-05
0.9975 5.04208e-05
0.998 5.06219e-05
0.9985 5.08224e-05
0.999 5.1022e-05
0.9995 5.12209e-05
1 5.1419e-05
1.0005 5.16163e-05
1.001 5.18128e-05
1.0015 5.20085e-05
1.002 5.22035e-05
1.0025 5.23976e-05
1.003 5.25909e-05
1.0035 5.27833e-05
1.004 5.2975e-05
1.0045 5.31657e-05
1.005 5.33557e-05
1.0055 5.35448e-05
1.006 5.3733e-05
1.0065 5.39204e-05
1.007 5.41069e-05
1.0075 5.42926e-05
1.008 5.44773e-05
1.0085 5.46612e-05
1.009 5.48442e-05
1.0095 5.50263e-05
1.01 5.52075e-05
1.0105 5.53877e-05
1.011 5.55671e-05
1.0115 5.57455e-05
1.012 5.5923e-05
1.0125 5.60996e-05
1.013 5.62752e-05
1.0135 5.64499e-05
1.014 5.66237e-05
1.0145 5.67965e-05
1.015 5.69683e-05
1.0155 5.71391e-05
1.016 5.7309e-05
1.0165 5.7478e-05
1.017 5.76459e-05
1.0175 5.78128e-05
1.018 5.79788e-05
1.0185 5.81438e-05
1.019 5.83077e-05
1.0195 5.84707e-05
1.02 5.86327e-05
1.0205 5.87936e-05
1.021 5.89535e-05
1.0215 5.91124e-05
1.022 5.92703e-05
1.0225 5.94271e-05
1.023 5.95829e-05
1.0235 5.97377e-05
1.024 5.98914e-05
1.0245 6.0044e-05
1.025 6.01956e-05
1.0255 6.03462e-05
1.026 6.04956e-05
1.0265 6.0644e-05
1.027 6.07914e-05
1.0275 6.09376e-05
1.028 6.10828e-05
1.0285 6.12269e-05
1.029 6.13699e-05
1.0295 6.15119e-05
1.03 6.16527e-05
1.0305 6.17924e-05
1.031 6.1931e-05
1.0315 6.20686e-05
1.032 6.2205e-05
1.0325 6.23403e-05
1.033 6.24744e-05
1.0335 6.26075e-05
1.034 6.27394e-05
1.0345 6.28702e-05
1.035 6.29999e-05
1.0355 6.31285e-05
1.036 6.32559e-05
1.0365 6.33821e-05
1.037 6.35073e-05
1.0375 6.36312e-05
1.038 6.37541e-05
1.0385 6.38758e-05
1.039 6.39963e-05
1.0395 6.41156e-05
1.04 6.42339e-05
1.0405 6.43509e-05
1.041 6.44668e-05
1.0415 6.45815e-05
1.042 6.4695e-05
1.0425 6.48074e-05
1.043 6.49186e-05
1.0435 6.50286e-05
1.044 6.51374e-05
1.0445 6.52451e-05
1.045 6.53516e-05
1.0455 6.54568e-05
1.046 6.55609e-05
1.0465 6.56638e-05
1.047 6.57655e-05
1.0475 6.58661e-05
1.048 6.59654e-05
1.0485 6.60635e-05
1.049 6.61604e-05
1.0495 6.62561e-05
1.05 6.63506e-05
1.0505 6.64439e-05
1.051 6.6536e-05
1.0515 6.66269e-05
1.052 6.67165e-05
1.0525 6.6805e-05
1.053 6.68922e-05
1.0535 6.69783e-05
1.054 6.70631e-05
1.0545 6.71467e-05
1.055 6.7229e-05
1.0555 6.73102e-05
1.056 6.73901e-05
1.0565 6.74688e-05
1.057 6.75463e-05
1.0575 6.76226e-05
1.058 6.76976e-05
1.0585 6.77714e-05
1.059 6.7844e-05
1.0595 6.79153e-05
1.06 6.79854e-05
1.0605 6.80543e-05
1.061 6.8122e-05
1.0615 6.81884e-05
1.062 6.82536e-05
1.0625 6.83175e-05
1.063 6.83803e-05
1.0635 6.84417e-05
1.064 6.8502e-05
1.0645 6.8561e-05
1.065 6.86188e-05
1.0655 6.86753e-05
1.066 6.87307e-05
1.0665 6.87847e-05
1.067 6.88376e-05
1.0675 6.88892e-05
1.068 6.89395e-05
1.0685 6.89887e-05
1.069 6.90366e-05
1.0695 6.90832e-05
1.07 6.91286e-05
1.0705 6.91728e-05
1.071 6.92158e-05
1.0715 6.92575e-05
1.072 6.9298e-05
1.0725 6.93372e-05
1.073 6.93752e-05
1.0735 6.9412e-05
1.074 6.94475e-05
1.0745 6.94818e-05
1.075 6.95149e-05
1.0755 6.95468e-05
1.076 6.95774e-05
1.0765 6.96068e-05
1.077 6.96349e-05
1.0775 6.96618e-05
1.078 6.96875e-05
1.0785 6.9712e-05
1.079 6.97352e-05
1.0795 6.97572e-05
1.08 6.9778e-05
1.0805 6.97976e-05
1.081 6.98159e-05
1.0815 6.98331e-05
1.082 6.9849e-05
1.0825 6.98636e-05
1.083 6.98771e-05
1.0835 6.98894e-05
1.084 6.99004e-05
1.0845 6.99102e-05
1.085 6.99188e-05
1.0855 6.99262e-05
1.086 6.99324e-05
1.0865 6.99374e-05
1.087 6.99412e-05
1.0875 6.99437e-05
1.088 6.99451e-05
1.0885 6.99452e-05
1.089 6.99442e-05
1.0895 6.9942e-05
1.09 6.99385e-05
1.0905 6.99339e-05
1.091 6.99281e-05
1.0915 6.99211e-05
1.092 6.99129e-05
1.0925 6.99035e-05
1.093 6.98929e-05
1.0935 6.98812e-05
1.094 6.98682e-05
1.0945 6.98541e-05
1.095 6.98388e-05
1.0955 6.98224e-05
1.096 6.98047e-05
1.0965 6.97859e-05
1.097 6.9766e-05
1.0975 6.97448e-05
1.098 6.97225e-05
1.0985 6.96991e-05
1.099 6.96745e-05
1.0995 6.96487e-05
1.1 6.96218e-05
1.1005 6.95937e-05
1.101 6.95645e-05
1.1015 6.95341e-05
1.102 6.95026e-05
1.1025 6.94699e-05
1.103 6.94362e-05
1.1035 6.94012e-05
1.104 6.93652e-05
1.1045 6.9328e-05
1.105 6.92897e-05
1.1055 6.92503e-05
1.106 6.92097e-05
1.1065 6.91681e-05
1.107 6.91253e-05
1.1075 6.90814e-05
1.108 6.90364e-05
1.1085 6.89903e-05
1.109 6.89431e-05
1.1095 6.88948e-05
1.11 6.88454e-05
1.1105 6.87949e-05
1.111 6.87434e-05
1.1115 6.86907e-05
1.112 6.8637e-05
1.1125 6.85821e-05
1.113 6.85262e-05
1.1135 6.84693e-05
1.114 6.84112e-05
1.1145 6.83521e-05
1.115 6.8292e-05
1.1155 6.82308e-05
1.116 6.81685e-05
1.1165 6.81052e-05
1.117 6.80408e-05
1.1175 6.79754e-05
1.118 6.79089e-05
1.1185 6.78414e-05
1.119 6.77729e-05
1.1195 6.77033e-05
1.12 6.76328e-05
1.1205 6.75612e-05
1.121 6.74885e-05
1.1215 6.74149e-05
1.122 6.73403e-05
1.1225 6.72646e-05
1.123 6.7188e-05
1.1235 6.71103e-05
1.124 6.70317e-05
1.1245 6.69521e-05
1.125 6.68715e-05
1.1255 6.67899e-05
1.126 6.67073e-05
1.1265 6.66237e-05
1.127 6.65392e-05
1.1275 6.64537e-05
1.128 6.63673e-05
1.1285 6.62799e-05
1.129 6.61915e-05
1.1295 6.61022e-05
1.13 6.6012e-05
1.1305 6.59208e-05
1.131 6.58287e-05
1.1315 6.57356e-05
1.132 6.56416e-05
1.1325 6.55467e-05
1.133 6.54509e-05
1.1335 6.53542e-05
1.134 6.52565e-05
1.1345 6.5158e-05
1.135 6.50585e-05
1.1355 6.49582e-05
1.136 6.4857e-05
1.1365 6.47548e-05
1.137 6.46518e-05
1.1375 6.4548e-05
1.138 6.44432e-05
1.1385 6.43376e-05
1.139 6.42311e-05
1.1395 6.41237e-05
1.14 6.40155e-05
1.1405 6.39065e-05
1.141 6.37966e-05
1.1415 6.36859e-05
1.142 6.35743e-05
1.1425 6.34619e-05
1.143 6.33487e-05
1.1435 6.32346e-05
1.144 6.31197e-05
1.1445 6.30041e-05
1.145 6.28876e-05
1.1455 6.27703e-05
1.146 6.26522e-05
1.1465 6.25333e-05
1.147 6.24137e-05
1.1475 6.22932e-05
1.148 6.2172e-05
1.1485 6.205e-05
1.149 6.19272e-05
1.1495 6.18037e-05
1.15 6.16794e-05
1.1505 6.15544e-05
1.151 6.14286e-05
1.1515 6.13021e-05
1.152 6.11749e-05
1.1525 6.10469e-05
1.153 6.09181e-05
1.1535 6.07887e-05
1.154 6.06585e-05
1.1545 6.05277e-05
1.155 6.03961e-05
1.1555 6.02638e-05
1.156 6.01309e-05
1.1565 5.99972e-05
1.157 5.98628e-05
1.1575 5.97278e-05
1.158 5.95921e-05
1.1585 5.94557e-05
1.159 5.93187e-05
1.1595 5.9181e-05
1.16 5.90426e-05
1.1605 5.89036e-05
1.161 5.8764e-05
1.1615 5.86237e-05
1.162 5.84828e-05
1.1625 5.83412e-05
1.163 5.81991e-05
1.1635 5.80563e-05
1.164 5.79129e-05
1.1645 5.77689e-05
1.165 5.76243e-05
1.1655 5.7479e-05
1.166 5.73332e-05
1.1665 5.71869e-05
1.167 5.70399e-05
1.1675 5.68924e-05
1.168 5.67443e-05
1.1685 5.65962e-05
1.169 5.64464e-05
1.1695 5.62966e-05
1.17 5.61462e-05
1.1705 5.59954e-05
1.171 5.5844e-05
1.1715 5.5692e-05
1.172 5.55395e-05
1.1725 5.53866e-05
1.173 5.5233e-05
1.1735 5.5079e-05
1.174 5.49245e-05
1.1745 5.47695e-05
1.175 5.4614e-05
1.1755 5.4458e-05
1.176 5.43015e-05
1.1765 5.41445e-05
1.177 5.39871e-05
1.1775 5.38292e-05
1.178 5.36708e-05
1.1785 5.3512e-05
1.179 5.33527e-05
1.1795 5.3193e-05
1.18 5.30329e-05
1.1805 5.28723e-05
1.181 5.27113e-05
1.1815 5.25498e-05
1.182 5.2388e-05
1.1825 5.22257e-05
1.183 5.20631e-05
1.1835 5.19e-05
1.184 5.17365e-05
1.1845 5.15727e-05
1.185 5.14084e-05
1.1855 5.12438e-05
1.186 5.10788e-05
1.1865 5.09134e-05
1.187 5.07477e-05
1.1875 5.05816e-05
1.188 5.04152e-05
1.1885 5.02484e-05
1.189 5.00813e-05
1.1895 4.99138e-05
1.19 4.9746e-05
1.1905 4.95779e-05
1.191 4.94095e-05
1.1915 4.92407e-05
1.192 4.90717e-05
1.1925 4.89023e-05
1.193 4.87327e-05
1.1935 4.85627e-05
1.194 4.83925e-05
1.1945 4.8222e-05
1.195 4.80512e-05
1.1955 4.78802e-05
1.196 4.77088e-05
1.1965 4.75372e-05
1.197 4.73654e-05
1.1975 4.71933e-05
1.198 4.7021e-05
1.1985 4.68484e-05
1.199 4.66756e-05
1.1995 4.65026e-05
1.2 4.63294e-05
1.2005 4.61559e-05
1.201 4.59822e-05
1.2015 4.58084e-05
1.202 4.56343e-05
1.2025 4.546e-05
1.203 4.52855e-05
1.2035 4.51109e-05
1.204 4.49361e-05
1.2045 4.47611e-05
1.205 4.45859e-05
1.2055 4.44106e-05
1.206 4.42351e-05
1.2065 4.40594e-05
1.207 4.38837e-05
1.2075 4.37077e-05
1.208 4.35317e-05
1.2085 4.33555e-05
1.209 4.31791e-05
1.2095 4.30027e-05
1.21 4.28261e-05
1.2105 4.26495e-05
1.211 4.24727e-05
1.2115 4.22958e-05
1.212 4.21188e-05
1.2125 4.19418e-05
1.213 4.17646e-05
1.2135 4.15874e-05
1.214 4.14101e-05
1.2145 4.12327e-05
1.215 4.10553e-05
1.2155 4.08778e-05
1.216 4.07003e-05
1.2165 4.05227e-05
1.217 4.0345e-05
1.2175 4.01673e-05
1.218 3.99896e-05
1.2185 3.98119e-05
1.219 3.96341e-05
1.2195 3.94563e-05
1.22 3.92786e-05
1.2205 3.91007e-05
1.221 3.89229e-05
1.2215 3.87451e-05
1.222 3.85673e-05
1.2225 3.83895e-05
1.223 3.82118e-05
1.2235 3.8034e-05
1.224 3.78563e-05
1.2245 3.76786e-05
1.225 3.75009e-05
1.2255 3.73233e-05
1.226 3.71457e-05
1.2265 3.69682e-05
1.227 3.67908e-05
1.2275 3.66133e-05
1.228 3.6436e-05
1.2285 3.62587e-05
1.229 3.60815e-05
1.2295 3.59044e-05
1.23 3.57274e-05
1.2305 3.55504e-05
1.231 3.53736e-05
1.2315 3.51968e-05
1.232 3.50201e-05
1.2325 3.48436e-05
1.233 3.46671e-05
1.2335 3.44908e-05
1.234 3.43146e-05
1.2345 3.41385e-05
1.235 3.39626e-05
1.2355 3.37868e-05
1.236 3.36111e-05
1.2365 3.34356e-05
1.237 3.32602e-05
1.2375 3.3085e-05
1.238 3.29099e-05
1.2385 3.2735e-05
1.239 3.25602e-05
1.2395 3.23857e-05
1.24 3.22113e-05
1.2405 3.2037e-05
1.241 3.1863e-05
1.2415 3.16891e-05
1.242 3.15155e-05
1.2425 3.1342e-05
1.243 3.11688e-05
1.2435 3.09957e-05
1.244 3.08229e-05
1.2445 3.06502e-05
1.245 3.04778e-05
1.2455 3.03056e-05
1.246 3.01336e-05
1.2465 2.99619e-05
1.247 2.97904e-05
1.2475 2.96191e-05
1.248 2.94481e-05
1.2485 2.92773e-05
1.249 2.91068e-05
1.2495 2.89365e-05
1.25 2.87665e-05
1.2505 2.85968e-05
1.251 2.84273e-05
1.2515 2.82581e-05
1.252 2.80891e-05
1.2525 2.79205e-05
1.253 2.77521e-05
1.2535 2.7584e-05
1.254 2.74162e-05
1.2545 2.72487e-05
1.255 2.70815e-05
1.2555 2.69146e-05
1.256 2.6748e-05
1.2565 2.65817e-05
1.257 2.64157e-05
1.2575 2.625e-05
1.258 2.60847e-05
1.2585 2.59197e-05
1.259 2.5755e-05
1.2595 2.55906e-05
1.26 2.54266e-05
1.2605 2.52629e-05
1.261 2.50995e-05
1.2615 2.49365e-05
1.262 2.47739e-05
1.2625 2.46116e-05
1.263 2.44497e-05
1.2635 2.42881e-05
1.264 2.41268e-05
1.2645 2.3966e-05
1.265 2.38055e-05
1.2655 2.36454e-05
1.266 2.34857e-05
1.2665 2.33263e-05
1.267 2.31674e-05
1.2675 2.30088e-05
1.268 2.28506e-05
1.2685 2.26928e-05
1.269 2.25354e-05
1.2695 2.23784e-05
1.27 2.22218e-05
1.2705 2.20656e-05
1.271 2.19098e-05
1.2715 2.17544e-05
1.272 2.15995e-05
1.2725 2.14449e-05
1.273 2.12908e-05
1.2735 2.11371e-05
1.274 2.09838e-05
1.2745 2.0831e-05
1.275 2.06786e-05
1.2755 2.05266e-05
1.276 2.03751e-05
1.2765 2.0224e-05
1.277 2.00734e-05
1.2775 1.99232e-05
1.278 1.97734e-05
1.2785 1.96242e-05
1.279 1.94753e-05
1.2795 1.9327e-05
1.28 1.9179e-05
1.2805 1.90316e-05
1.281 1.88846e-05
1.2815 1.87381e-05
1.282 1.85921e-05
1.2825 1.84465e-05
1.283 1.83014e-05
1.2835 1.81568e-05
1.284 1.80127e-05
1.2845 1.78691e-05
1.285 1.77259e-05
1.2855 1.75833e-05
1.286 1.74411e-05
1.2865 1.72994e-05
1.287 1.71582e-05
1.2875 1.70176e-05
1.288 1.68774e-05
1.2885 1.67377e-05
1.289 1.65986e-05
1.2895 1.64599e-05
1.29 1.63218e-05
1.2905 1.61842e-05
1.291 1.6047e-05
1.2915 1.59105e-05
1.292 1.57744e-05
1.2925 1.56388e-05
1.293 1.55038e-05
1.2935 1.53693e-05
1.294 1.52353e-05
1.2945 1.51019e-05
1.295 1.4969e-05
1.2955 1.48366e-05
1.296 1.47048e-05
1.2965 1.45735e-05
1.297 1.44427e-05
1.2975 1.43125e-05
1.298 1.41829e-05
1.2985 1.40537e-05
1.299 1.39252e-05
1.2995 1.37971e-05
1.3 1.36697e-05
1.3005 1.35427e-05
1.301 1.34164e-05
1.3015 1.32906e-05
1.302 1.31653e-05
1.3025 1.30406e-05
1.303 1.29165e-05
1.3035 1.27929e-05
1.304 1.26699e-05
1.3045 1.25475e-05
1.305 1.24256e-05
1.3055 1.23044e-05
1.306 1.21836e-05
1.3065 1.20635e-05
1.307 1.19439e-05
1.3075 1.18249e-05
1.308 1.17065e-05
1.3085 1.15886e-05
1.309 1.14714e-05
1.3095 1.13547e-05
1.31 1.12386e-05
1.3105 1.11231e-05
1.311 1.10081e-05
1.3115 1.08938e-05
1.312 1.078e-05
1.3125 1.06669e-05
1.313 1.05543e-05
1.3135 1.04423e-05
1.314 1.03309e-05
1.3145 1.02201e-05
1.315 1.01099e-05
1.3155 1.00003e-05
1.316 9.89123e-06
1.3165 9.78281e-06
1.317 9.67498e-06
1.3175 9.56776e-06
1.318 9.46114e-06
1.3185 9.35511e-06
1.319 9.24969e-06
1.3195 9.14487e-06
1.32 9.04066e-06
1.3205 8.93705e-06
1.321 8.83404e-06
1.3215 8.73164e-06
1.322 8.62985e-06
1.3225 8.52867e-06
1.323 8.42809e-06
1.3235 8.32813e-06
1.324 8.22877e-06
1.3245 8.13002e-06
1.325 8.03189e-06
1.3255 7.93436e-06
1.326 7.83745e-06
1.3265 7.74115e-06
1.327 7.64546e-06
1.3275 7.55039e-06
1.328 7.45593e-06
1.3285 7.36209e-06
1.329 7.26886e-06
1.3295 7.17625e-06
1.33 7.08425e-06
1.3305 6.99287e-06
1.331 6.9021e-06
1.3315 6.81196e-06
1.332 6.72243e-06
1.3325 6.63351e-06
1.333 6.54522e-06
1.3335 6.45754e-06
1.334 6.37048e-06
1.3345 6.28404e-06
1.335 6.19822e-06
1.3355 6.11302e-06
1.336 6.02843e-06
1.3365 5.94447e-06
1.337 5.86112e-06
1.3375 5.7784e-06
1.338 5.69629e-06
1.3385 5.6148e-06
1.339 5.53393e-06
1.3395 5.45368e-06
1.34 5.37405e-06
1.3405 5.29504e-06
1.341 5.21665e-06
1.3415 5.13888e-06
1.342 5.06172e-06
1.3425 4.98519e-06
1.343 4.90927e-06
1.3435 4.83397e-06
1.344 4.75929e-06
1.3445 4.68523e-06
1.345 4.61178e-06
1.3455 4.53896e-06
1.346 4.46675e-06
1.3465 4.39515e-06
1.347 4.32418e-06
1.3475 4.25382e-06
1.348 4.18407e-06
1.3485 4.11494e-06
1.349 4.04643e-06
1.3495 3.97853e-06
1.35 3.91124e-06
1.3505 3.84457e-06
1.351 3.77851e-06
1.3515 3.71306e-06
1.352 3.64823e-06
1.3525 3.58401e-06
1.353 3.5204e-06
1.3535 3.45739e-06
1.354 3.395e-06
1.3545 3.33322e-06
1.355 3.27205e-06
1.3555 3.21148e-06
1.356 3.15153e-06
1.3565 3.09217e-06
1.357 3.03343e-06
1.3575 2.97529e-06
1.358 2.91775e-06
1.3585 2.86082e-06
1.359 2.80449e-06
1.3595 2.74876e-06
1.36 2.69364e-06
1.3605 2.63911e-06
1.361 2.58518e-06
1.3615 2.53186e-06
1.362 2.47913e-06
1.3625 2.42699e-06
1.363 2.37546e-06
1.3635 2.32451e-06
1.364 2.27416e-06
1.3645 2.22441e-06
1.365 2.17525e-06
1.3655 2.12667e-06
1.366 2.07869e-06
1.3665 2.0313e-06
1.367 1.98449e-06
1.3675 1.93827e-06
1.368 1.89264e-06
1.3685 1.84759e-06
1.369 1.80312e-06
1.3695 1.75924e-06
1.37 1.71593e-06
1.3705 1.67321e-06
1.371 1.63107e-06
1.3715 1.5895e-06
1.372 1.54851e-06
1.3725 1.50809e-06
1.373 1.46825e-06
1.3735 1.42898e-06
1.374 1.39028e-06
1.3745 1.35215e-06
1.375 1.31459e-06
1.3755 1.2776e-06
1.376 1.24117e-06
1.3765 1.20531e-06
1.377 1.17001e-06
1.3775 1.13527e-06
1.378 1.10109e-06
1.3785 1.06747e-06
1.379 1.03441e-06
1.3795 1.0019e-06
1.38 9.69949e-07
1.3805 9.38549e-07
1.381 9.077e-07
1.3815 8.77401e-07
1.382 8.47651e-07
1.3825 8.18447e-07
1.383 7.89788e-07
1.3835 7.61673e-07
1.384 7.34099e-07
1.3845 7.07066e-07
1.385 6.80572e-07
1.3855 6.54614e-07
1.386 6.29193e-07
1.3865 6.04304e-07
1.387 5.79948e-07
1.3875 5.56123e-07
1.388 5.32826e-07
1.3885 5.10056e-07
1.389 4.87811e-07
1.3895 4.6609e-07
1.39 4.44891e-07
1.3905 4.24212e-07
1.391 4.0405e-07
1.3915 3.84406e-07
1.392 3.65276e-07
1.3925 3.46658e-07
1.393 3.28552e-07
1.3935 3.10955e-07
1.394 2.93866e-07
1.3945 2.77281e-07
1.395 2.61201e-07
1.3955 2.45622e-07
1.396 2.30542e-07
1.3965 2.15961e-07
1.397 2.01876e-07
1.3975 1.88284e-07
1.398 1.75185e-07
1.3985 1.62576e-07
1.399 1.50456e-07
1.3995 1.38821e-07
1.4 1.27671e-07
1.4005 1.17003e-07
1.401 1.06815e-07
1.4015 9.71051e-08
1.402 8.78717e-08
1.4025 7.91125e-08
1.403 7.08254e-08
1.4035 6.30084e-08
1.404 5.56594e-08
1.4045 4.87764e-08
1.405 4.23572e-08
1.4055 3.63997e-08
1.406 3.09019e-08
1.4065 2.58617e-08
1.407 2.12769e-08
1.4075 1.71455e-08
1.408 1.34651e-08
1.4085 1.02338e-08
1.409 7.44941e-09
1.4095 5.10968e-09
1.41 3.21248e-09
1.4105 1.75562e-09
1.411 7.3693e-10
1.4115 1.54199e-10
1.412 5.22584e-12
1.4125 2.87797e-10
1.413 9.99691e-10
1.4135 2.13868e-09
1.414 3.70253e-09
1.4145 5.68899e-09
1.415 8.09581e-09
1.4155 1.09207e-08
1.416 1.41615e-08
1.4165 1.78158e-08
1.417 2.18815e-08
1.4175 2.63561e-08
1.418 3.12374e-08
1.4185 3.65232e-08
1.419 4.2211e-08
1.4195 4.82986e-08
1.42 5.47837e-08
1.4205 6.16639e-08
1.421 6.89369e-08
1.4215 7.66004e-08
1.422 8.4652e-08
1.4225 9.30894e-08
1.423 1.0191e-07
1.4235 1.11112e-07
1.424 1.20693e-07
1.4245 1.3065e-07
1.425 1.4098e-07
1.4255 1.51683e-07
1.426 1.62754e-07
1.4265 1.74193e-07
1.427 1.85995e-07
1.4275 1.9816e-07
1.428 2.10684e-07
1.4285 2.23566e-07
1.429 2.36802e-07
1.4295 2.5039e-07
1.43 2.64329e-07
1.4305 2.78614e-07
1.431 2.93245e-07
1.4315 3.08219e-07
1.432 3.23532e-07
1.4325 3.39183e-07
1.433 3.5517e-07
1.4335 3.71489e-07
1.434 3.88139e-07
1.4345 4.05116e-07
1.435 4.22419e-07
1.4355 4.40045e-07
1.436 4.57992e-07
1.4365 4.76256e-07
1.437 4.94836e-07
1.4375 5.13729e-07
1.438 5.32933e-07
1.4385 5.52445e-07
1.439 5.72262e-07
1.4395 5.92382e-07
1.44 6.12803e-07
1.4405 6.33523e-07
1.441 6.54538e-07
1.4415 6.75846e-07
1.442 6.97444e-07
1.4425 7.19331e-07
1.443 7.41504e-07
1.4435 7.63959e-07
1.444 7.86695e-07
1.4445 8.0971e-07
1.445 8.33e-07
1.4455 8.56563e-07
1.446 8.80397e-07
1.4465 9.04499e-07
1.447 9.28866e-07
1.4475 9.53497e-07
1.448 9.78388e-07
1.4485 1.00354e-06
1.449 1.02894e-06
1.4495 1.0546e-06
1.45 1.08051e-06
1.4505 1.10666e-06
1.451 1.13307e-06
1.4515 1.15971e-06
1.452 1.1866e-06
1.4525 1.21372e-06
1.453 1.24108e-06
1.4535 1.26867e-06
1.454 1.29649e-06
1.4545 1.32454e-06
1.455 1.35281e-06
1.4555 1.38131e-06
1.456 1.41003e-06
1.4565 1.43897e-06
1.457 1.46812e-06
1.4575 1.49748e-06
1.458 1.52706e-06
1.4585 1.55684e-06
1.459 1.58682e-06
1.4595 1.61702e-06
1.46 1.64741e-06
1.4605 1.67799e-06
1.461 1.70878e-06
1.4615 1.73975e-06
1.462 1.77092e-06
1.4625 1.80227e-06
1.463 1.83381e-06
1.4635 1.86554e-06
1.464 1.89744e-06
1.4645 1.92952e-06
1.465 1.96178e-06
1.4655 1.9942e-06
1.466 2.0268e-06
1.4665 2.05957e-06
1.467 2.0925e-06
1.4675 2.1256e-06
1.468 2.15886e-06
1.4685 2.19227e-06
1.469 2.22584e-06
1.4695 2.25956e-06
1.47 2.29344e-06
1.4705 2.32746e-06
1.471 2.36163e-06
1.4715 2.39594e-06
1.472 2.43039e-06
1.4725 2.46498e-06
1.473 2.4997e-06
1.4735 2.53456e-06
1.474 2.56956e-06
1.4745 2.60468e-06
1.475 2.63992e-06
1.4755 2.67529e-06
1.476 2.71078e-06
1.4765 2.74639e-06
1.477 2.78212e-06
1.4775 2.81796e-06
1.478 2.85392e-06
1.4785 2.88998e-06
1.479 2.92615e-06
1.4795 2.96243e-06
1.48 2.9988e-06
1.4805 3.03528e-06
1.481 3.07186e-06
1.4815 3.10853e-06
1.482 3.14529e-06
1.4825 3.18215e-06
1.483 3.21909e-06
1.4835 3.25612e-06
1.484 3.29323e-06
1.4845 3.33042e-06
1.485 3.36769e-06
1.4855 3.40504e-06
1.486 3.44247e-06
1.4865 3.47996e-06
1.487 3.51753e-06
1.4875 3.55516e-06
1.488 3.59286e-06
1.4885 3.63062e-06
1.489 3.66844e-06
1.4895 3.70632e-06
1.49 3.74425e-06
1.4905 3.78224e-06
1.491 3.82028e-06
1.4915 3.85837e-06
1.492 3.89651e-06
1.4925 3.93469e-06
1.493 3.97292e-06
1.4935 4.01118e-06
1.494 4.04949e-06
1.4945 4.08783e-06
1.495 4.1262e-06
1.4955 4.16461e-06
1.496 4.20304e-06
1.4965 4.2415e-06
1.497 4.27999e-06
1.4975 4.3185e-06
1.498 4.35703e-06
1.4985 4.39558e-06
1.499 4.43414e-06
1.4995 4.47272e-06
1.5 4.51132e-06
1.5005 4.54992e-06
1.501 4.58853e-06
1.5015 4.62714e-06
1.502 4.66576e-06
1.5025 4.70439e-06
1.503 4.74301e-06
1.5035 4.78163e-06
1.504 4.82024e-06
1.5045 4.85885e-06
1.505 4.89745e-06
1.5055 4.93604e-06
1.506 4.97462e-06
1.5065 5.01318e-06
1.507 5.05172e-06
1.5075 5.09025e-06
1.508 5.12875e-06
1.5085 5.16724e-06
1.509 5.2057e-06
1.5095 5.24413e-06
1.51 5.28253e-06
1.5105 5.3209e-06
1.511 5.35924e-06
1.5115 5.39755e-06
1.512 5.43582e-06
1.5125 5.47405e-06
1.513 5.51224e-06
1.5135 5.55039e-06
1.514 5.58849e-06
1.5145 5.62655e-06
1.515 5.66457e-06
1.5155 5.70253e-06
1.516 5.74044e-06
1.5165 5.77829e-06
1.517 5.8161e-06
1.5175 5.85384e-06
1.518 5.89153e-06
1.5185 5.92915e-06
1.519 5.96671e-06
1.5195 6.00421e-06
1.52 6.04165e-06
1.5205 6.07901e-06
1.521 6.11631e-06
1.5215 6.15353e-06
1.522 6.19068e-06
1.5225 6.22776e-06
1.523 6.26476e-06
1.5235 6.30168e-06
1.524 6.33852e-06
1.5245 6.37528e-06
1.525 6.41196e-06
1.5255 6.44855e-06
1.526 6.48505e-06
1.5265 6.52147e-06
1.527 6.5578e-06
1.5275 6.59403e-06
1.528 6.63018e-06
1.5285 6.66622e-06
1.529 6.70217e-06
1.5295 6.73803e-06
1.53 6.77378e-06
1.5305 6.80943e-06
1.531 6.84498e-06
1.5315 6.88042e-06
1.532 6.91576e-06
1.5325 6.95099e-06
1.533 6.98612e-06
1.5335 7.02113e-06
1.534 7.05603e-06
1.5345 7.09081e-06
1.535 7.12548e-06
1.5355 7.16004e-06
1.536 7.19448e-06
1.5365 7.22879e-06
1.537 7.26299e-06
1.5375 7.29706e-06
1.538 7.33101e-06
1.5385 7.36484e-06
1.539 7.39854e-06
1.5395 7.43211e-06
1.54 7.46555e-06
1.5405 7.49886e-06
1.541 7.53204e-06
1.5415 7.56509e-06
1.542 7.598e-06
1.5425 7.63077e-06
1.543 7.66341e-06
1.5435 7.69591e-06
1.544 7.72827e-06
1.5445 7.76049e-06
1.545 7.79256e-06
1.5455 7.82449e-06
1.546 7.85628e-06
1.5465 7.88792e-06
1.547 7.91941e-06
1.5475 7.95076e-06
1.548 7.98195e-06
1.5485 8.01299e-06
1.549 8.04388e-06
1.5495 8.07462e-06
1.55 8.1052e-06
1.5505 8.13563e-06
1.551 8.1659e-06
1.5515 8.19601e-06
1.552 8.22596e-06
1.5525 8.25575e-06
1.553 8.28538e-06
1.5535 8.31485e-06
1.554 8.34415e-06
1.5545 8.37329e-06
1.555 8.40227e-06
1.5555 8.43107e-06
1.556 8.45971e-06
1.5565 8.48818e-06
1.557 8.51648e-06
1.5575 8.54461e-06
1.558 8.57257e-06
1.5585 8.60035e-06
1.559 8.62796e-06
1.5595 8.6554e-06
1.56 8.68266e-06
1.5605 8.70974e-06
1.561 8.73664e-06
1.5615 8.76337e-06
1.562 8.78992e-06
1.5625 8.81628e-06
1.563 8.84247e-06
1.5635 8.86847e-06
1.564 8.89429e-06
1.5645 8.91993e-06
1.565 8.94538e-06
1.5655 8.97065e-06
1.566 8.99573e-06
1.5665 9.02062e-06
1.567 9.04532e-06
1.5675 9.06984e-06
1.568 9.09417e-06
1.5685 9.1183e-06
1.569 9.14225e-06
1.5695 9.166e-06
1.57 9.18956e-06
1.5705 9.21293e-06
1.571 9.23611e-06
1.5715 9.25909e-06
1.572 9.28187e-06
1.5725 9.30446e-06
1.573 9.32685e-06
1.5735 9.34904e-06
1.574 9.37104e-06
1.5745 9.39284e-06
1.575 9.41443e-06
1.5755 9.43583e-06
1.576 9.45703e-06
1.5765 9.47803e-06
1.577 9.49882e-06
1.5775 9.51942e-06
1.578 9.53981e-06
1.5785 9.55999e-06
1.579 9.57998e-06
1.5795 9.59976e-06
1.58 9.61933e-06
1.5805 9.6387e-06
1.581 9.65786e-06
1.5815 9.67682e-06
1.582 9.69557e-06
1.5825 9.71411e-06
1.583 9.73245e-06
1.5835 9.75057e-06
1.584 9.76849e-06
1.5845 9.7862e-06
1.585 9.8037e-06
1.5855 9.82099e-06
1.586 9.83807e-06
1.5865 9.85494e-06
1.587 9.8716e-06
1.5875 9.88804e-06
1.588 9.90428e-06
1.5885 9.9203e-06
1.589 9.93611e-06
1.5895 9.95171e-06
1.59 9.96709e-06
1.5905 9.98227e-06
1.591 9.99722e-06
1.5915 1.0012e-05
1.592 1.00265e-05
1.5925 1.00408e-05
1.593 1.00549e-05
1.5935 1.00688e-05
1.594 1.00825e-05
1.5945 1.00959e-05
1.595 1.01092e-05
1.5955 1.01222e-05
1.596 1.0135e-05
1.5965 1.01476e-05
1.597 1.016e-05
1.5975 1.01721e-05
1.598 1.01841e-05
1.5985 1.01958e-05
1.599 1.02073e-05
1.5995 1.02186e-05
1.6 1.02297e-05
1.6005 1.02405e-05
1.601 1.02512e-05
1.6015 1.02616e-05
1.602 1.02718e-05
1.6025 1.02818e-05
1.603 1.02916e-05
1.6035 1.03011e-05
1.604 1.03105e-05
1.6045 1.03196e-05
1.605 1.03285e-05
1.6055 1.03372e-05
1.606 1.03457e-05
1.6065 1.03539e-05
1.607 1.03619e-05
1.6075 1.03698e-05
1.608 1.03774e-05
1.6085 1.03847e-05
1.609 1.03919e-05
1.6095 1.03989e-05
1.61 1.04056e-05
1.6105 1.04121e-05
1.611 1.04184e-05
1.6115 1.04245e-05
1.612 1.04303e-05
1.6125 1.0436e-05
1.613 1.04414e-05
1.6135 1.04466e-05
1.614 1.04516e-05
1.6145 1.04564e-05
1.615 1.0461e-05
1.6155 1.04653e-05
1.616 1.04695e-05
1.6165 1.04734e-05
1.617 1.04771e-05
1.6175 1.04806e-05
1.618 1.04839e-05
1.6185 1.04869e-05
1.619 1.04898e-05
1.6195 1.04924e-05
1.62 1.04948e-05
1.6205 1.0497e-05
1.621 1.0499e-05
1.6215 1.05008e-05
1.622 1.05024e-05
1.6225 1.05037e-05
1.623 1.05049e-05
1.6235 1.05058e-05
1.624 1.05065e-05
1.6245 1.0507e-05
1.625 1.05073e-05
1.6255 1.05074e-05
1.626 1.05073e-05
1.6265 1.0507e-05
1.627 1.05064e-05
1.6275 1.05057e-05
1.628 1.05047e-05
1.6285 1.05036e-05
1.629 1.05022e-05
1.6295 1.05006e-05
1.63 1.04988e-05
1.6305 1.04968e-05
1.631 1.04946e-05
1.6315 1.04922e-05
1.632 1.04896e-05
1.6325 1.04868e-05
1.633 1.04838e-05
1.6335 1.04806e-05
1.634 1.04772e-05
1.6345 1.04736e-05
1.635 1.04697e-05
1.6355 1.04657e-05
1.636 1.04615e-05
1.6365 1.0457e-05
1.637 1.04524e-05
1.6375 1.04476e-05
1.638 1.04426e-05
1.6385 1.04373e-05
1.639 1.04319e-05
1.6395 1.04263e-05
1.64 1.04205e-05
1.6405 1.04144e-05
1.641 1.04082e-05
1.6415 1.04018e-05
1.642 1.03952e-05
1.6425 1.03884e-05
1.643 1.03814e-05
1.6435 1.03743e-05
1.644 1.03669e-05
1.6445 1.03593e-05
1.645 1.03516e-05
1.6455 1.03436e-05
1.646 1.03355e-05
1.6465 1.03272e-05
1.647 1.03187e-05
1.6475 1.031e-05
1.648 1.03011e-05
1.6485 1.0292e-05
1.649 1.02828e-05
1.6495 1.02733e-05
1.65 1.02637e-05
1.6505 1.02539e-05
1.651 1.02439e-05
1.6515 1.02337e-05
1.652 1.02234e-05
1.6525 1.02128e-05
1.653 1.02021e-05
1.6535 1.01912e-05
1.654 1.01801e-05
1.6545 1.01689e-05
1.655 1.01574e-05
1.6555 1.01458e-05
1.656 1.01341e-05
1.6565 1.01221e-05
1.657 1.011e-05
1.6575 1.00977e-05
1.658 1.00852e-05
1.6585 1.00725e-05
1.659 1.00597e-05
1.6595 1.00467e-05
1.66 1.00336e-05
1.6605 1.00202e-05
1.661 1.00068e-05
1.6615 9.99309e-06
1.662 9.97926e-06
1.6625 9.96527e-06
1.663 9.95111e-06
1.6635 9.93679e-06
1.664 9.9223e-06
1.6645 9.90765e-06
1.665 9.89285e-06
1.6655 9.87788e-06
1.666 9.86275e-06
1.6665 9.84746e-06
1.667 9.83202e-06
1.6675 9.81641e-06
1.668 9.80066e-06
1.6685 9.78474e-06
1.669 9.76867e-06
1.6695 9.75245e-06
1.67 9.73608e-06
1.6705 9.71955e-06
1.671 9.70287e-06
1.6715 9.68605e-06
1.672 9.66907e-06
1.6725 9.65195e-06
1.673 9.63467e-06
1.6735 9.61726e-06
1.674 9.59969e-06
1.6745 9.58198e-06
1.675 9.56413e-06
1.6755 9.54614e-06
1.676 9.528e-06
1.6765 9.50972e-06
1.677 9.4913e-06
1.6775 9.47275e-06
1.678 9.45405e-06
1.6785 9.43522e-06
1.679 9.41625e-06
1.6795 9.39714e-06
1.68 9.3779e-06
1.6805 9.35853e-06
1.681 9.33903e-06
1.6815 9.31939e-06
1.682 9.29962e-06
1.6825 9.27972e-06
1.683 9.2597e-06
1.6835 9.23954e-06
1.684 9.21926e-06
1.6845 9.19886e-06
1.685 9.17832e-06
1.6855 9.15767e-06
1.686 9.13689e-06
1.6865 9.11599e-06
1.687 9.09497e-06
1.6875 9.07383e-06
1.688 9.05257e-06
1.6885 9.03119e-06
1.689 9.00969e-06
1.6895 8.98808e-06
1.69 8.96635e-06
1.6905 8.94451e-06
1.691 8.92255e-06
1.6915 8.90049e-06
1.692 8.87831e-06
1.6925 8.8605e-06
1.693 8.83362e-06
1.6935 8.81111e-06
1.694 8.7885e-06
1.6945 8.76578e-06
1.695 8.74296e-06
1.6955 8.72003e-06
1.696 8.69699e-06
1.6965 8.67386e-06
1.697 8.65062e-06
1.6975 8.62729e-06
1.698 8.60385e-06
1.6985 8.58032e-06
1.699 8.55669e-06
1.6995 8.53296e-06
1.7 8.50914e-06
1.7005 8.48522e-06
1.701 8.46121e-06
1.7015 8.43711e-06
1.702 8.41292e-06
1.7025 8.38864e-06
1.703 8.36426e-06
1.7035 8.3398e-06
1.704 8.31526e-06
1.7045 8.29062e-06
1.705 8.26591e-06
1.7055 8.24111e-06
1.706 8.21622e-06
1.7065 8.19125e-06
1.707 8.16621e-06
1.7075 8.14108e-06
1.708 8.11587e-06
1.7085 8.09059e-06
1.709 8.06522e-06
1.7095 8.03979e-06
1.71 8.01428e-06
1.7105 7.98869e-06
1.711 7.96303e-06
1.7115 7.9373e-06
1.712 7.9115e-06
1.7125 7.88563e-06
1.713 7.85969e-06
1.7135 7.83368e-06
1.714 7.80761e-06
1.7145 7.78147e-06
1.715 7.75526e-06
1.7155 7.729e-06
1.716 7.70267e-06
1.7165 7.67627e-06
1.717 7.64982e-06
1.7175 7.62331e-06
1.718 7.59674e-06
1.7185 7.57011e-06
1.719 7.54342e-06
1.7195 7.51668e-06
1.72 7.48989e-06
1.7205 7.46304e-06
1.721 7.43614e-06
1.7215 7.40919e-06
1.722 7.38218e-06
1.7225 7.35513e-06
1.723 7.32803e-06
1.7235 7.30088e-06
1.724 7.27369e-06
1.7245 7.24645e-06
1.725 7.21916e-06
1.7255 7.19184e-06
1.726 7.16447e-06
1.7265 7.13705e-06
1.727 7.1096e-06
1.7275 7.08211e-06
1.728 7.05458e-06
1.7285 7.02701e-06
1.729 6.99941e-06
1.7295 6.97177e-06
1.73 6.94409e-06
1.7305 6.91639e-06
1.731 6.88865e-06
1.7315 6.86087e-06
1.732 6.83307e-06
1.7325 6.80524e-06
1.733 6.77738e-06
1.7335 6.74949e-06
1.734 6.72157e-06
1.7345 6.69363e-06
1.735 6.66567e-06
1.7355 6.63768e-06
1.736 6.60966e-06
1.7365 6.58163e-06
1.737 6.55358e-06
1.7375 6.5255e-06
1.738 6.49741e-06
1.7385 6.46929e-06
1.739 6.44116e-06
1.7395 6.41302e-06
1.74 6.38486e-06
1.7405 6.35668e-06
1.741 6.32849e-06
1.7415 6.30029e-06
1.742 6.27208e-06
1.7425 6.24386e-06
1.743 6.21563e-06
1.7435 6.18738e-06
1.744 6.15914e-06
1.7445 6.13088e-06
1.745 6.10262e-06
1.7455 6.07435e-06
1.746 6.04608e-06
1.7465 6.01781e-06
1.747 5.98953e-06
1.7475 5.96125e-06
1.748 5.93298e-06
1.7485 5.9047e-06
1.749 5.87642e-06
1.7495 5.84815e-06
1.75 5.81988e-06
1.7505 5.79161e-06
1.751 5.76335e-06
1.7515 5.7351e-06
1.752 5.70685e-06
1.7525 5.67861e-06
1.753 5.65037e-06
1.7535 5.62215e-06
1.754 5.59394e-06
1.7545 5.56573e-06
1.755 5.53754e-06
1.7555 5.50936e-06
1.756 5.4812e-06
1.7565 5.45305e-06
1.757 5.42492e-06
1.7575 5.3968e-06
1.758 5.3687e-06
1.7585 5.34061e-06
1.759 5.31255e-06
1.7595 5.2845e-06
1.76 5.25648e-06
1.7605 5.22848e-06
1.761 5.2005e-06
1.7615 5.17254e-06
1.762 5.1446e-06
1.7625 5.11669e-06
1.763 5.08881e-06
1.7635 5.06095e-06
1.764 5.03311e-06
1.7645 5.00531e-06
1.765 4.97753e-06
1.7655 4.94979e-06
1.766 4.92207e-06
1.7665 4.89438e-06
1.767 4.86673e-06
1.7675 4.83911e-06
1.768 4.81152e-06
1.7685 4.78396e-06
1.769 4.75644e-06
1.7695 4.72896e-06
1.77 4.70151e-06
1.7705 4.67409e-06
1.771 4.64672e-06
1.7715 4.61938e-06
1.772 4.59209e-06
1.7725 4.56483e-06
1.773 4.53761e-06
1.7735 4.51044e-06
1.774 4.48331e-06
1.7745 4.45622e-06
1.775 4.42917e-06
1.7755 4.40217e-06
1.776 4.37521e-06
1.7765 4.3483e-06
1.777 4.32143e-06
1.7775 4.29461e-06
1.778 4.26784e-06
1.7785 4.24112e-06
1.779 4.21445e-06
1.7795 4.18782e-06
1.78 4.16125e-06
1.7805 4.13473e-06
1.781 4.10826e-06
1.7815 4.08184e-06
1.782 4.05547e-06
1.7825 4.02916e-06
1.783 4.00291e-06
1.7835 3.9767e-06
1.784 3.95056e-06
1.7845 3.92447e-06
1.785 3.89844e-06
1.7855 3.87246e-06
1.786 3.84654e-06
1.7865 3.82069e-06
1.787 3.79489e-06
1.7875 3.76915e-06
1.788 3.74347e-06
1.7885 3.71785e-06
1.789 3.6923e-06
1.7895 3.66681e-06
1.79 3.64138e-06
1.7905 3.61601e-06
1.791 3.59071e-06
1.7915 3.56547e-06
1.792 3.5403e-06
1.7925 3.5152e-06
1.793 3.49016e-06
1.7935 3.46518e-06
1.794 3.44028e-06
1.7945 3.41544e-06
1.795 3.39067e-06
1.7955 3.36598e-06
1.796 3.34135e-06
1.7965 3.31679e-06
1.797 3.2923e-06
1.7975 3.26788e-06
1.798 3.24354e-06
1.7985 3.21927e-06
1.799 3.19507e-06
1.7995 3.17094e-06
1.8 3.14689e-06
1.8005 3.12291e-06
1.801 3.099e-06
1.8015 3.07518e-06
1.802 3.05142e-06
1.8025 3.02775e-06
1.803 3.00415e-06
1.8035 2.98062e-06
1.804 2.95718e-06
1.8045 2.93381e-06
1.805 2.91052e-06
1.8055 2.88731e-06
1.806 2.86418e-06
1.8065 2.84113e-06
1.807 2.81816e-06
1.8075 2.79528e-06
1.808 2.77247e-06
1.8085 2.74974e-06
1.809 2.7271e-06
1.8095 2.70453e-06
1.81 2.68205e-06
1.8105 2.65966e-06
1.811 2.63735e-06
1.8115 2.61512e-06
1.812 2.59297e-06
1.8125 2.57091e-06
1.813 2.54894e-06
1.8135 2.52705e-06
1.814 2.50525e-06
1.8145 2.48353e-06
1.815 2.4619e-06
1.8155 2.44036e-06
1.816 2.4189e-06
1.8165 2.39753e-06
1.817 2.37625e-06
1.8175 2.35506e-06
1.818 2.33395e-06
1.8185 2.31294e-06
1.819 2.29201e-06
1.8195 2.27118e-06
1.82 2.25043e-06
1.8205 2.22977e-06
1.821 2.20921e-06
1.8215 2.18873e-06
1.822 2.16835e-06
1.8225 2.14806e-06
1.823 2.12786e-06
1.8235 2.10775e-06
1.824 2.08773e-06
1.8245 2.06781e-06
1.825 2.04798e-06
1.8255 2.02824e-06
1.826 2.00859e-06
1.8265 1.98904e-06
1.827 1.96958e-06
1.8275 1.95022e-06
1.828 1.93095e-06
1.8285 1.91177e-06
1.829 1.89269e-06
1.8295 1.87371e-06
1.83 1.85482e-06
1.8305 1.83602e-06
1.831 1.81732e-06
1.8315 1.79872e-06
1.832 1.78021e-06
1.8325 1.7618e-06
1.833 1.74348e-06
1.8335 1.72526e-06
1.834 1.70714e-06
1.8345 1.68911e-06
1.835 1.67118e-06
1.8355 1.65335e-06
1.836 1.63562e-06
1.8365 1.61798e-06
1.837 1.60044e-06
1.8375 1.583e-06
1.838 1.56566e-06
1.8385 1.54841e-06
1.839 1.53127e-06
1.8395 1.51422e-06
1.84 1.49727e-06
1.8405 1.48042e-06
1.841 1.46367e-06
1.8415 1.44701e-06
1.842 1.43046e-06
1.8425 1.414e-06
1.843 1.39765e-06
1.8435 1.38139e-06
1.844 1.36524e-06
1.8445 1.34918e-06
1.845 1.33322e-06
1.8455 1.31736e-06
1.846 1.3016e-06
1.8465 1.28594e-06
1.847 1.27039e-06
1.8475 1.25493e-06
1.848 1.23957e-06
1.8485 1.22431e-06
1.849 1.20915e-06
1.8495 1.19409e-06
1.85 1.17913e-06
1.8505 1.16427e-06
1.851 1.14952e-06
1.8515 1.13486e-06
1.852 1.1203e-06
1.8525 1.10585e-06
1.853 1.09149e-06
1.8535 1.07723e-06
1.854 1.06308e-06
1.8545 1.04902e-06
1.855 1.03507e-06
1.8555 1.02121e-06
1.856 1.00746e-06
1.8565 9.93808e-07
1.857 9.80255e-07
1.8575 9.66802e-07
1.858 9.5345e-07
1.8585 9.40198e-07
1.859 9.27047e-07
1.8595 9.13995e-07
1.86 9.01044e-07
1.8605 8.88194e-07
1.861 8.75443e-07
1.8615 8.62793e-07
1.862 8.50242e-07
1.8625 8.37792e-07
1.863 8.25441e-07
1.8635 8.13191e-07
1.864 8.0104e-07
1.8645 7.88989e-07
1.865 7.77038e-07
1.8655 7.65186e-07
1.866 7.53434e-07
1.8665 7.41781e-07
1.867 7.30228e-07
1.8675 7.18773e-07
1.868 7.07418e-07
1.8685 6.96162e-07
1.869 6.85005e-07
1.8695 6.73947e-07
1.87 6.62988e-07
1.8705 6.52127e-07
1.871 6.41364e-07
1.8715 6.30701e-07
1.872 6.20135e-07
1.8725 6.09667e-07
1.873 5.99298e-07
1.8735 5.89026e-07
1.874 5.78852e-07
1.8745 5.68776e-07
1.875 5.58797e-07
1.8755 5.48915e-07
1.876 5.39131e-07
1.8765 5.29443e-07
1.877 5.19852e-07
1.8775 5.10358e-07
1.878 5.00961e-07
1.8785 4.9166e-07
1.879 4.82455e-07
1.8795 4.73346e-07
1.88 4.64333e-07
1.8805 4.55415e-07
1.881 4.46593e-07
1.8815 4.37866e-07
1.882 4.29234e-07
1.8825 4.20698e-07
1.883 4.12255e-07
1.8835 4.03908e-07
1.884 3.95654e-07
1.8845 3.87495e-07
1.885 3.7943e-07
1.8855 3.71458e-07
1.886 3.6358e-07
1.8865 3.55795e-07
1.887 3.48102e-07
1.8875 3.40503e-07
1.888 3.32997e-07
1.8885 3.25582e-07
1.889 3.1826e-07
1.8895 3.1103e-07
1.89 3.03891e-07
1.8905 2.96844e-07
1.891 2.89887e-07
1.8915 2.83022e-07
1.892 2.76248e-07
1.8925 2.69564e-07
1.893 2.6297e-07
1.8935 2.56466e-07
1.894 2.50051e-07
1.8945 2.43726e-07
1.895 2.3749e-07
1.8955 2.31343e-07
1.896 2.25285e-07
1.8965 2.19315e-07
1.897 2.13433e-07
1.8975 2.07639e-07
1.898 2.01932e-07
1.8985 1.96312e-07
1.899 1.9078e-07
1.8995 1.85334e-07
1.9 1.79974e-07
1.9005 1.74701e-07
1.901 1.69513e-07
1.9015 1.64411e-07
1.902 1.59394e-07
1.9025 1.54462e-07
1.903 1.49615e-07
1.9035 1.44852e-07
1.904 1.40172e-07
1.9045 1.35577e-07
1.905 1.31065e-07
1.9055 1.26636e-07
1.906 1.22289e-07
1.9065 1.18026e-07
1.907 1.13844e-07
1.9075 1.09744e-07
1.908 1.05725e-07
1.9085 1.01788e-07
1.909 9.79315e-08
1.9095 9.41555e-08
1.91 9.04596e-08
1.9105 8.68436e-08
1.911 8.33071e-08
1.9115 7.98498e-08
1.912 7.64713e-08
1.9125 7.31713e-08
1.913 6.99494e-08
1.9135 6.68054e-08
1.914 6.37388e-08
1.9145 6.07493e-08
1.915 5.78366e-08
1.9155 5.50004e-08
1.916 5.22402e-08
1.9165 4.95557e-08
1.917 4.69466e-08
1.9175 4.44125e-08
1.918 4.1953e-08
1.9185 3.95678e-08
1.919 3.72566e-08
1.9195 3.50189e-08
1.92 3.28545e-08
1.9205 3.07629e-08
1.921 2.87437e-08
1.9215 2.67967e-08
1.922 2.49214e-08
1.9225 2.31175e-08
1.923 2.13846e-08
1.9235 1.97223e-08
1.924 1.81302e-08
1.9245 1.6608e-08
1.925 1.51553e-08
1.9255 1.37718e-08
1.926 1.24569e-08
1.9265 1.12104e-08
1.927 1.00319e-08
1.9275 8.92104e-09
1.928 7.87733e-09
1.9285 6.90045e-09
1.929 5.99001e-09
1.9295 5.14561e-09
1.93 4.36688e-09
1.9305 3.65341e-09
1.931 3.00482e-09
1.9315 2.42072e-09
1.932 1.90071e-09
1.9325 1.44441e-09
1.933 1.05141e-09
1.9335 7.21321e-10
1.934 4.53748e-10
1.9345 2.48292e-10
1.935 1.04556e-10
1.9355 2.21395e-11
1.936 6.44179e-13
1.9365 3.9669e-11
1.937 1.38813e-10
1.9375 2.97673e-10
1.938 5.15848e-10
1.9385 7.92934e-10
1.939 1.12853e-09
1.9395 1.52222e-09
1.94 1.97361e-09
1.9405 2.48229e-09
1.941 3.04785e-09
1.9415 3.66989e-09
1.942 4.348e-09
1.9425 5.08177e-09
1.943 5.87079e-09
1.9435 6.71465e-09
1.944 7.61295e-09
1.9445 8.56526e-09
1.945 9.57119e-09
1.9455 1.06303e-08
1.946 1.17422e-08
1.9465 1.29065e-08
1.947 1.41228e-08
1.9475 1.53906e-08
1.948 1.67095e-08
1.9485 1.80792e-08
1.949 1.94992e-08
1.9495 2.0969e-08
1.95 2.24884e-08
1.9505 2.40568e-08
1.951 2.56739e-08
1.9515 2.73392e-08
1.952 2.90524e-08
1.9525 3.08129e-08
1.953 3.26205e-08
1.9535 3.44746e-08
1.954 3.63749e-08
1.9545 3.83209e-08
1.955 4.03123e-08
1.9555 4.23486e-08
1.956 4.44294e-08
1.9565 4.65542e-08
1.957 4.87228e-08
1.9575 5.09346e-08
1.958 5.31892e-08
1.9585 5.54862e-08
1.959 5.78253e-08
1.9595 6.0206e-08
1.96 6.26278e-08
1.9605 6.50904e-08
1.961 6.75933e-08
1.9615 7.01362e-08
1.962 7.27186e-08
1.9625 7.53401e-08
1.963 7.80003e-08
1.9635 8.06987e-08
1.964 8.34351e-08
1.9645 8.62088e-08
1.965 8.90196e-08
1.9655 9.18671e-08
1.966 9.47507e-08
1.9665 9.76701e-08
1.967 1.00625e-07
1.9675 1.03615e-07
1.968 1.06639e-07
1.9685 1.09698e-07
1.969 1.1279e-07
1.9695 1.15916e-07
1.97 1.19074e-07
1.9705 1.22265e-07
1.971 1.25488e-07
1.9715 1.28743e-07
1.972 1.32029e-07
1.9725 1.35346e-07
1.973 1.38694e-07
1.9735 1.42072e-07
1.974 1.45479e-07
1.9745 1.48915e-07
1.975 1.52381e-07
1.9755 1.55875e-07
1.976 1.59397e-07
1.9765 1.62946e-07
1.977 1.66523e-07
1.9775 1.70127e-07
1.978 1.73757e-07
1.9785 1.77413e-07
1.979 1.81095e-07
1.9795 1.84802e-07
1.98 1.88534e-07
1.9805 1.92291e-07
1.981 1.96071e-07
1.9815 1.99875e-07
1.982 2.03703e-07
1.9825 2.07553e-07
1.983 2.11426e-07
1.9835 2.15321e-07
1.984 2.19238e-07
1.9845 2.23176e-07
1.985 2.27135e-07
1.9855 2.31115e-07
1.986 2.35115e-07
1.9865 2.39135e-07
1.987 2.43174e-07
1.9875 2.47232e-07
1.988 2.51308e-07
1.9885 2.55403e-07
1.989 2.59516e-07
1.9895 2.63646e-07
1.99 2.67794e-07
1.9905 2.71958e-07
1.991 2.76139e-07
1.9915 2.80335e-07
1.992 2.84547e-07
1.9925 2.88775e-07
1.993 2.93017e-07
1.9935 2.97274e-07
1.994 3.01545e-07
1.9945 3.05829e-07
1.995 3.10128e-07
1.9955 3.14439e-07
1.996 3.18763e-07
1.9965 3.23099e-07
1.997 3.27447e-07
1.9975 3.31806e-07
1.998 3.36177e-07
1.9985 3.40559e-07
1.999 3.44951e-07
1.9995 3.49354e-07
2 3.53766e-07
2.0005 3.58188e-07
2.001 3.62619e-07
2.0015 3.67058e-07
2.002 3.71506e-07
2.0025 3.75962e-07
2.003 3.80426e-07
2.0035 3.84897e-07
2.004 3.89375e-07
2.0045 3.93859e-07
2.005 3.98351e-07
2.0055 4.02848e-07
2.006 4.0735e-07
2.0065 4.11858e-07
2.007 4.16371e-07
2.0075 4.20889e-07
2.008 4.25411e-07
2.0085 4.29937e-07
2.009 4.34466e-07
2.0095 4.38999e-07
2.01 4.43535e-07
2.0105 4.48073e-07
2.011 4.52614e-07
2.0115 4.57157e-07
2.012 4.61702e-07
2.0125 4.66248e-07
2.013 4.70795e-07
2.0135 4.75343e-07
2.014 4.79891e-07
2.0145 4.84439e-07
2.015 4.88987e-07
2.0155 4.93535e-07
2.016 4.98082e-07
2.0165 5.02628e-07
2.017 5.07172e-07
2.0175 5.11715e-07
2.018 5.16255e-07
2.0185 5.20793e-07
2.019 5.25329e-07
2.0195 5.29862e-07
2.02 5.34391e-07
2.0205 5.38917e-07
2.021 5.43439e-07
2.0215 5.47957e-07
2.022 5.52471e-07
2.0225 5.5698e-07
2.023 5.61484e-07
2.0235 5.65982e-07
2.024 5.70476e-07
2.0245 5.74963e-07
2.025 5.79444e-07
2.0255 5.83919e-07
2.026 5.88388e-07
2.0265 5.92849e-07
2.027 5.97303e-07
2.0275 6.0175e-07
2.028 6.06189e-07
2.0285 6.1062e-07
2.029 6.15043e-07
2.0295 6.19457e-07
2.03 6.23863e-07
2.0305 6.28259e-07
2.031 6.32646e-07
2.0315 6.37024e-07
2.032 6.41392e-07
2.0325 6.45749e-07
2.033 6.50097e-07
2.0335 6.54433e-07
2.034 6.58759e-07
2.0345 6.63074e-07
2.035 6.67378e-07
2.0355 6.7167e-07
2.036 6.7595e-07
2.0365 6.80219e-07
2.037 6.84475e-07
2.0375 6.88718e-07
2.038 6.92949e-07
2.0385 6.97166e-07
2.039 7.01371e-07
2.0395 7.05562e-07
2.04 7.0974e-07
2.0405 7.13903e-07
2.041 7.18053e-07
2.0415 7.22188e-07
2.042 7.26309e-07
2.0425 7.30414e-07
2.043 7.34505e-07
2.0435 7.38581e-07
2.044 7.42641e-07
2.0445 7.46686e-07
2.045 7.50715e-07
2.0455 7.54728e-07
2.046 7.58725e-07
2.0465 7.62705e-07
2.047 7.66668e-07
2.0475 7.70615e-07
2.048 7.74545e-07
2.0485 7.78457e-07
2.049 7.82353e-07
2.0495 7.8623e-07
2.05 7.9009e-07
2.0505 7.93931e-07
2.051 7.97755e-07
2.0515 8.0156e-07
2.052 8.05347e-07
2.0525 8.09115e-07
2.053 8.12864e-07
2.0535 8.16594e-07
2.054 8.20304e-07
2.0545 8.23996e-07
2.055 8.27667e-07
2.0555 8.31319e-07
2.056 8.34951e-07
2.0565 8.38563e-07
2.057 8.42155e-07
2.0575 8.45726e-07
2.058 8.49277e-07
2.0585 8.52807e-07
2.059 8.56316e-07
2.0595 8.59804e-07
2.06 8.6327e-07
2.0605 8.66716e-07
2.061 8.7014e-07
2.0615 8.73542e-07
2.062 8.76922e-07
2.0625 8.80281e-07
2.063 8.83617e-07
2.0635 8.86932e-07
2.064 8.90223e-07
2.0645 8.93493e-07
2.065 8.9674e-07
2.0655 8.99964e-07
2.066 9.03165e-07
2.0665 9.06343e-07
2.067 9.09498e-07
2.0675 9.12629e-07
2.068 9.15737e-07
2.0685 9.18822e-07
2.069 9.21883e-07
2.0695 9.24921e-07
2.07 9.27934e-07
2.0705 9.30923e-07
2.071 9.33889e-07
2.0715 9.3683e-07
2.072 9.39747e-07
2.0725 9.42639e-07
2.073 9.45507e-07
2.0735 9.4835e-07
2.074 9.51169e-07
2.0745 9.53962e-07
2.075 9.56731e-07
2.0755 9.59475e-07
2.076 9.62193e-07
2.0765 9.64887e-07
2.077 9.67555e-07
2.0775 9.70197e-07
2.078 9.72814e-07
2.0785 9.75406e-07
2.079 9.77972e-07
2.0795 9.80512e-07
2.08 9.83026e-07
2.0805 9.85515e-07
2.081 9.87977e-07
2.0815 9.90413e-07
2.082 9.92824e-07
2.0825 9.95208e-07
2.083 9.97566e-07
2.0835 9.99897e-07
2.084 1.0022e-06
2.0845 1.00448e-06
2.085 1.00673e-06
2.0855 1.00896e-06
2.086 1.01116e-06
2.0865 1.01333e-06
2.087 1.01547e-06
2.0875 1.01759e-06
2.088 1.01968e-06
2.0885 1.02175e-06
2.089 1.02379e-06
2.0895 1.0258e-06
2.09 1.02778e-06
2.0905 1.02974e-06
2.091 1.03167e-06
2.0915 1.03357e-06
2.092 1.03544e-06
2.0925 1.03729e-06
2.093 1.03911e-06
2.0935 1.0409e-06
2.094 1.04267e-06
2.0945 1.04441e-06
2.095 1.04612e-06
2.0955 1.0478e-06
2.096 1.04946e-06
2.0965 1.05109e-06
2.097 1.05269e-06
2.0975 1.05426e-06
2.098 1.0558e-06
2.0985 1.05732e-06
2.099 1.05881e-06
2.0995 1.06027e-06
2.1 1.06171e-06
2.1005 1.06312e-06
2.101 1.0645e-06
2.1015 1.06585e-06
2.102 1.06717e-06
2.1025 1.06847e-06
2.103 1.06974e-06
2.1035 1.07098e-06
2.104 1.07219e-06
2.1045 1.07338e-06
2.105 1.07453e-06
2.1055 1.07566e-06
2.106 1.07677e-06
2.1065 1.07784e-06
2.107 1.07889e-06
2.1075 1.07991e-06
2.108 1.0809e-06
2.1085 1.08186e-06
2.109 1.0828e-06
2.1095 1.0837e-06
2.11 1.08459e-06
2.1105 1.08544e-06
2.111 1.08626e-06
2.1115 1.08706e-06
2.112 1.08783e-06
2.1125 1.08857e-06
2.113 1.08929e-06
2.1135 1.08998e-06
2.114 1.09064e-06
2.1145 1.09127e-06
2.115 1.09187e-06
2.1155 1.09245e-06
2.116 1.093e-06
2.1165 1.09353e-06
2.117 1.09402e-06
2.1175 1.09449e-06
2.118 1.09493e-06
2.1185 1.09535e-06
2.119 1.09573e-06
2.1195 1.09609e-06
2.12 1.09643e-06
2.1205 1.09673e-06
2.121 1.09701e-06
2.1215 1.09726e-06
2.122 1.09749e-06
2.1225 1.09769e-06
2.123 1.09786e-06
2.1235 1.098e-06
2.124 1.09812e-06
2.1245 1.09821e-06
2.125 1.09828e-06
2.1255 1.09831e-06
2.126 1.09833e-06
2.1265 1.09831e-06
2.127 1.09827e-06
2.1275 1.0982e-06
2.128 1.09811e-06
2.1285 1.09799e-06
2.129 1.09784e-06
2.1295 1.09767e-06
2.13 1.09747e-06
2.1305 1.09725e-06
2.131 1.097e-06
2.1315 1.09672e-06
2.132 1.09642e-06
2.1325 1.0961e-06
2.133 1.09574e-06
2.1335 1.09536e-06
2.134 1.09496e-06
2.1345 1.09453e-06
2.135 1.09408e-06
2.1355 1.0936e-06
2.136 1.0931e-06
2.1365 1.09257e-06
2.137 1.09201e-06
2.1375 1.09143e-06
2.138 1.09083e-06
2.1385 1.0902e-06
2.139 1.08955e-06
2.1395 1.08887e-06
2.14 1.08816e-06
2.1405 1.08744e-06
2.141 1.08669e-06
2.1415 1.08591e-06
2.142 1.08511e-06
2.1425 1.08429e-06
2.143 1.08344e-06
2.1435 1.08257e-06
2.144 1.08167e-06
2.1445 1.08076e-06
2.145 1.07981e-06
2.1455 1.07885e-06
2.146 1.07786e-06
2.1465 1.07685e-06
2.147 1.07581e-06
2.1475 1.07475e-06
2.148 1.07367e-06
2.1485 1.07257e-06
2.149 1.07144e-06
2.1495 1.07029e-06
2.15 1.06912e-06
2.1505 1.06792e-06
2.151 1.0667e-06
2.1515 1.06546e-06
2.152 1.0642e-06
2.1525 1.06292e-06
2.153 1.06161e-06
2.1535 1.06028e-06
2.154 1.05893e-06
2.1545 1.05756e-06
2.155 1.05617e-06
2.1555 1.05476e-06
2.156 1.05332e-06
2.1565 1.05187e-06
2.157 1.05039e-06
2.1575 1.04889e-06
2.158 1.04737e-06
2.1585 1.04583e-06
2.159 1.04427e-06
2.1595 1.04269e-06
2.16 1.04109e-06
2.1605 1.03946e-06
2.161 1.03782e-06
2.1615 1.03616e-06
2.162 1.03448e-06
2.1625 1.03278e-06
2.163 1.03105e-06
2.1635 1.02931e-06
2.164 1.02755e-06
2.1645 1.02577e-06
2.165 1.02397e-06
2.1655 1.02216e-06
2.166 1.02032e-06
2.1665 1.01846e-06
2.167 1.01659e-06
2.1675 1.0147e-06
2.168 1.01278e-06
2.1685 1.01085e-06
2.169 1.00891e-06
2.1695 1.00694e-06
2.17 1.00496e-06
2.1705 1.00295e-06
2.171 1.00093e-06
2.1715 9.98897e-07
2.172 9.96843e-07
2.1725 9.94771e-07
2.173 9.92681e-07
2.1735 9.90575e-07
2.174 9.88452e-07
2.1745 9.86312e-07
2.175 9.84155e-07
2.1755 9.81982e-07
2.176 9.79792e-07
2.1765 9.77586e-07
2.177 9.75364e-07
2.1775 9.73126e-07
2.178 9.70872e-07
2.1785 9.68602e-07
2.179 9.66317e-07
2.1795 9.64016e-07
2.18 9.617e-07
2.1805 9.59368e-07
2.181 9.57022e-07
2.1815 9.5466e-07
2.182 9.52284e-07
2.1825 9.49893e-07
2.183 9.47488e-07
2.1835 9.45068e-07
2.184 9.42633e-07
2.1845 9.40185e-07
2.185 9.37722e-07
2.1855 9.35246e-07
2.186 9.32756e-07
2.1865 9.30252e-07
2.187 9.27735e-07
2.1875 9.25205e-07
2.188 9.22661e-07
2.1885 9.20104e-07
2.189 9.17535e-07
2.1895 9.14952e-07
2.19 9.12357e-07
2.1905 9.09749e-07
2.191 9.07129e-07
2.1915 9.04497e-07
2.192 9.01853e-07
2.1925 8.99196e-07
2.193 8.96528e-07
2.1935 8.93848e-07
2.194 8.91157e-07
2.1945 8.88454e-07
2.195 8.8574e-07
2.1955 8.83015e-07
2.196 8.80279e-07
2.1965 8.77531e-07
2.197 8.74774e-07
2.1975 8.72005e-07
2.198 8.69226e-07
2.1985 8.66437e-07
2.199 8.63638e-07
2.1995 8.60828e-07
2.2 8.58009e-07
2.2005 8.5518e-07
2.201 8.52341e-07
2.2015 8.49493e-07
2.202 8.46635e-07
2.2025 8.43768e-07
2.203 8.40892e-07
2.2035 8.38007e-07
2.204 8.35114e-07
2.2045 8.32211e-07
2.205 8.293e-07
2.2055 8.26381e-07
2.206 8.23454e-07
2.2065 8.20518e-07
2.207 8.17574e-07
2.2075 8.14623e-07
2.208 8.11664e-07
2.2085 8.08697e-07
2.209 8.05723e-07
2.2095 8.02741e-07
2.21 7.99752e-07
2.2105 7.96757e-07
2.211 7.93754e-07
2.2115 7.90745e-07
2.212 7.87729e-07
2.2125 7.84706e-07
2.213 7.81677e-07
2.2135 7.78642e-07
2.214 7.75601e-07
2.2145 7.72554e-07
2.215 7.69501e-07
2.2155 7.66442e-07
2.216 7.63378e-07
2.2165 7.60308e-07
2.217 7.57233e-07
2.2175 7.54153e-07
2.218 7.51068e-07
2.2185 7.47978e-07
2.219 7.44883e-07
2.2195 7.41784e-07
2.22 7.3868e-07
2.2205 7.35572e-07
2.221 7.32459e-07
2.2215 7.29343e-07
2.222 7.26222e-07
2.2225 7.23098e-07
2.223 7.19969e-07
2.2235 7.16838e-07
2.224 7.13703e-07
2.2245 7.10564e-07
2.225 7.07422e-07
2.2255 7.04277e-07
2.226 7.0113e-07
2.2265 6.97979e-07
2.227 6.94826e-07
2.2275 6.9167e-07
2.228 6.88512e-07
2.2285 6.85351e-07
2.229 6.82189e-07
2.2295 6.79024e-07
2.23 6.75857e-07
2.2305 6.72688e-07
2.231 6.69518e-07
2.2315 6.66346e-07
2.232 6.63173e-07
2.2325 6.59998e-07
2.233 6.56823e-07
2.2335 6.53646e-07
2.234 6.50468e-07
2.2345 6.47289e-07
2.235 6.4411e-07
2.2355 6.4093e-07
2.236 6.3775e-07
2.2365 6.34569e-07
2.237 6.31388e-07
2.2375 6.28207e-07
2.238 6.25026e-07
2.2385 6.21845e-07
2.239 6.18664e-07
2.2395 6.15484e-07
2.24 6.12304e-07
2.2405 6.09125e-07
2.241 6.05946e-07
2.2415 6.02768e-07
2.242 5.99591e-07
2.2425 5.96416e-07
2.243 5.93241e-07
2.2435 5.90068e-07
2.244 5.86896e-07
2.2445 5.83725e-07
2.245 5.80556e-07
2.2455 5.77389e-07
2.246 5.74224e-07
2.2465 5.71061e-07
2.247 5.67899e-07
2.2475 5.6474e-07
2.248 5.61584e-07
2.2485 5.58429e-07
2.249 5.55277e-07
2.2495 5.52128e-07
2.25 5.48981e-07
2.2505 5.45837e-07
2.251 5.42696e-07
2.2515 5.39558e-07
2.252 5.36424e-07
2.2525 5.33292e-07
2.253 5.30164e-07
2.2535 5.27039e-07
2.254 5.23918e-07
2.2545 5.208e-07
2.255 5.17686e-07
2.2555 5.14576e-07
2.256 5.1147e-07
2.2565 5.08368e-07
2.257 5.0527e-07
2.2575 5.02176e-07
2.258 4.99087e-07
2.2585 4.96002e-07
2.259 4.92921e-07
2.2595 4.89846e-07
2.26 4.86775e-07
2.2605 4.83708e-07
2.261 4.80647e-07
2.2615 4.77591e-07
2.262 4.74539e-07
2.2625 4.71493e-07
2.263 4.68453e-07
2.2635 4.65417e-07
2.264 4.62387e-07
2.2645 4.59363e-07
2.265 4.56344e-07
2.2655 4.53331e-07
2.266 4.50324e-07
2.2665 4.47322e-07
2.267 4.44327e-07
2.2675 4.41338e-07
2.268 4.38355e-07
2.2685 4.35378e-07
2.269 4.32407e-07
2.2695 4.29443e-07
2.27 4.26486e-07
2.2705 4.23535e-07
2.271 4.2059e-07
2.2715 4.17653e-07
2.272 4.14722e-07
2.2725 4.11798e-07
2.273 4.08881e-07
2.2735 4.05972e-07
2.274 4.03069e-07
2.2745 4.00174e-07
2.275 3.97286e-07
2.2755 3.94405e-07
2.276 3.91532e-07
2.2765 3.88666e-07
2.277 3.85808e-07
2.2775 3.82957e-07
2.278 3.80115e-07
2.2785 3.7728e-07
2.279 3.74453e-07
2.2795 3.71634e-07
2.28 3.68823e-07
2.2805 3.6602e-07
2.281 3.63225e-07
2.2815 3.60439e-07
2.282 3.5766e-07
2.2825 3.54891e-07
2.283 3.52129e-07
2.2835 3.49377e-07
2.284 3.46632e-07
2.2845 3.43897e-07
2.285 3.4117e-07
2.2855 3.38452e-07
2.286 3.35743e-07
2.2865 3.33042e-07
2.287 3.30351e-07
2.2875 3.27668e-07
2.288 3.24995e-07
2.2885 3.22331e-07
2.289 3.19676e-07
2.2895 3.1703e-07
2.29 3.14394e-07
2.2905 3.11767e-07
2.291 3.09149e-07
2.2915 3.06541e-07
2.292 3.03943e-07
2.2925 3.01354e-07
2.293 2.98774e-07
2.2935 2.96205e-07
2.294 2.93645e-07
2.2945 2.91095e-07
2.295 2.88555e-07
2.2955 2.86025e-07
2.296 2.83504e-07
2.2965 2.80994e-07
2.297 2.78494e-07
2.2975 2.76004e-07
2.298 2.73524e-07
2.2985 2.71054e-07
2.299 2.68594e-07
2.2995 2.66145e-07
2.3 2.63706e-07
2.3005 2.61277e-07
2.301 2.58859e-07
2.3015 2.56452e-07
2.302 2.54055e-07
2.3025 2.51668e-07
2.303 2.49292e-07
2.3035 2.46927e-07
2.304 2.44572e-07
2.3045 2.42228e-07
2.305 2.39895e-07
2.3055 2.37572e-07
2.306 2.3526e-07
2.3065 2.3296e-07
2.307 2.3067e-07
2.3075 2.28391e-07
2.308 2.26123e-07
2.3085 2.23866e-07
2.309 2.2162e-07
2.3095 2.19385e-07
2.31 2.17161e-07
2.3105 2.14948e-07
2.311 2.12747e-07
2.3115 2.10556e-07
2.312 2.08377e-07
2.3125 2.06209e-07
2.313 2.04053e-07
2.3135 2.01907e-07
2.314 1.99773e-07
2.3145 1.97651e-07
2.315 1.9554e-07
2.3155 1.9344e-07
2.316 1.91351e-07
2.3165 1.89274e-07
2.317 1.87209e-07
2.3175 1.85155e-07
2.318 1.83112e-07
2.3185 1.81082e-07
2.319 1.79062e-07
2.3195 1.77054e-07
2.32 1.75058e-07
2.3205 1.73074e-07
2.321 1.71101e-07
2.3215 1.6914e-07
2.322 1.6719e-07
2.3225 1.65252e-07
2.323 1.63326e-07
2.3235 1.61412e-07
2.324 1.59509e-07
2.3245 1.57618e-07
2.325 1.55739e-07
2.3255 1.53871e-07
2.326 1.52016e-07
2.3265 1.50172e-07
2.327 1.4834e-07
2.3275 1.4652e-07
2.328 1.44711e-07
2.3285 1.42915e-07
2.329 1.4113e-07
2.3295 1.39358e-07
2.33 1.37597e-07
2.3305 1.35848e-07
2.331 1.34111e-07
2.3315 1.32385e-07
2.332 1.30672e-07
2.3325 1.28971e-07
2.333 1.27281e-07
2.3335 1.25603e-07
2.334 1.23938e-07
2.3345 1.22284e-07
2.335 1.20642e-07
2.3355 1.19012e-07
2.336 1.17394e-07
2.3365 1.15788e-07
2.337 1.14194e-07
2.3375 1.12612e-07
2.338 1.11041e-07
2.3385 1.09483e-07
2.339 1.07937e-07
2.3395 1.06402e-07
2.34 1.04879e-07
2.3405 1.03369e-07
2.341 1.0187e-07
2.3415 1.00383e-07
2.342 9.89079e-08
2.3425 9.74448e-08
2.343 9.59935e-08
2.3435 9.45541e-08
2.344 9.31266e-08
2.3445 9.1711e-08
2.345 9.03072e-08
2.3455 8.89153e-08
2.346 8.75352e-08
2.3465 8.6167e-08
2.347 8.48105e-08
2.3475 8.34659e-08
2.348 8.2133e-08
2.3485 8.0812e-08
2.349 7.95027e-08
2.3495 7.82052e-08
2.35 7.69194e-08
2.3505 7.56454e-08
2.351 7.43831e-08
2.3515 7.31325e-08
2.352 7.18936e-08
2.3525 7.06663e-08
2.353 6.94507e-08
2.3535 6.82468e-08
2.354 6.70545e-08
2.3545 6.58738e-08
2.355 6.47047e-08
2.3555 6.35472e-08
2.356 6.24012e-08
2.3565 6.12668e-08
2.357 6.01438e-08
2.3575 5.90324e-08
2.358 5.79325e-08
2.3585 5.6844e-08
2.359 5.5767e-08
2.3595 5.47013e-08
2.36 5.36471e-08
2.3605 5.26042e-08
2.361 5.15727e-08
2.3615 5.05525e-08
2.362 4.95437e-08
2.3625 4.8546e-08
2.363 4.75597e-08
2.3635 4.65846e-08
2.364 4.56206e-08
2.3645 4.46679e-08
2.365 4.37263e-08
2.3655 4.27959e-08
2.366 4.18765e-08
2.3665 4.09682e-08
2.367 4.0071e-08
2.3675 3.91847e-08
2.368 3.83095e-08
2.3685 3.74452e-08
2.369 3.65919e-08
2.3695 3.57494e-08
2.37 3.49179e-08
2.3705 3.40972e-08
2.371 3.32873e-08
2.3715 3.24881e-08
2.372 3.16998e-08
2.3725 3.09221e-08
2.373 3.01551e-08
2.3735 2.93988e-08
2.374 2.86531e-08
2.3745 2.7918e-08
2.375 2.71935e-08
2.3755 2.64795e-08
2.376 2.57635e-08
2.3765 2.50829e-08
2.377 2.44003e-08
2.3775 2.3728e-08
2.378 2.30661e-08
2.3785 2.24146e-08
2.379 2.17733e-08
2.3795 2.11422e-08
2.38 2.05214e-08
2.3805 1.99107e-08
2.381 1.93102e-08
2.3815 1.87198e-08
2.382 1.81394e-08
2.3825 1.75691e-08
2.383 1.70087e-08
2.3835 1.64583e-08
2.384 1.59178e-08
2.3845 1.53872e-08
2.385 1.48664e-08
2.3855 1.43554e-08
2.386 1.38542e-08
2.3865 1.33627e-08
2.387 1.28808e-08
2.3875 1.24086e-08
2.388 1.1946e-08
2.3885 1.14929e-08
2.389 1.10494e-08
2.3895 1.06153e-08
2.39 1.01906e-08
2.3905 9.77538e-09
2.391 9.36946e-09
2.3915 8.97285e-09
2.392 8.58549e-09
2.3925 8.20736e-09
2.393 7.8384e-09
2.3935 7.47857e-09
2.394 7.12784e-09
2.3945 6.78614e-09
2.395 6.45345e-09
2.3955 6.12972e-09
2.396 5.8149e-09
2.3965 5.50896e-09
2.397 5.21183e-09
2.3975 4.92349e-09
2.398 4.64389e-09
2.3985 4.37297e-09
2.399 4.1107e-09
2.3995 3.85703e-09
2.4 3.61191e-09
2.4005 3.3753e-09
2.401 3.14716e-09
2.4015 2.92743e-09
2.402 2.71607e-09
2.4025 2.51303e-09
2.403 2.31827e-09
2.4035 2.13174e-09
2.404 1.9534e-09
2.4045 1.78319e-09
2.405 1.62107e-09
2.4055 1.46699e-09
2.406 1.3209e-09
2.4065 1.18276e-09
2.407 1.05252e-09
2.4075 9.30131e-10
2.408 8.15544e-10
2.4085 7.08711e-10
2.409 6.09584e-10
2.4095 5.18115e-10
2.41 4.34255e-10
2.4105 3.57955e-10
2.411 2.89168e-10
2.4115 2.27842e-10
2.412 1.73931e-10
2.4125 1.27384e-10
2.413 8.81533e-11
2.4135 5.61883e-11
2.414 3.14402e-11
2.4145 1.38593e-11
2.415 3.39615e-12
2.4155 1.06683e-15
2.416 3.6243e-12
2.4165 1.4216e-11
2.417 3.17263e-11
2.4175 5.61052e-11
2.418 8.73025e-11
2.4185 1.25268e-10
2.419 1.69952e-10
2.4195 2.21304e-10
2.42 2.79274e-10
2.4205 3.4381e-10
2.421 4.14864e-10
2.4215 4.92384e-10
2.422 5.76319e-10
2.4225 6.6662e-10
2.423 7.63235e-10
2.4235 8.66113e-10
2.424 9.75205e-10
2.4245 1.09046e-09
2.425 1.21183e-09
2.4255 1.33925e-09
2.426 1.47269e-09
2.4265 1.61208e-09
2.427 1.75738e-09
2.4275 1.90854e-09
2.428 2.06551e-09
2.4285 2.22823e-09
2.429 2.39666e-09
2.4295 2.57073e-09
2.43 2.75041e-09
2.4305 2.93565e-09
2.431 3.12638e-09
2.4315 3.32256e-09
2.432 3.52413e-09
2.4325 3.73106e-09
2.433 3.94328e-09
2.4335 4.16074e-09
2.434 4.3834e-09
2.4345 4.6112e-09
2.435 4.8441e-09
2.4355 5.08203e-09
2.436 5.32496e-09
2.4365 5.57282e-09
2.437 5.82557e-09
2.4375 6.08316e-09
2.438 6.34553e-09
2.4385 6.61264e-09
2.439 6.88444e-09
2.4395 7.16087e-09
2.44 7.44188e-09
2.4405 7.72742e-09
2.441 8.01745e-09
2.4415 8.31191e-09
2.442 8.61075e-09
2.4425 8.91392e-09
2.443 9.22137e-09
2.4435 9.53305e-09
2.444 9.8489e-09
2.4445 1.01689e-08
2.445 1.0493e-08
2.4455 1.08211e-08
2.446 1.11531e-08
2.4465 1.14891e-08
2.447 1.1829e-08
2.4475 1.21727e-08
2.448 1.25202e-08
2.4485 1.28714e-08
2.449 1.32263e-08
2.4495 1.35848e-08
2.45 1.3947e-08
2.4505 1.43126e-08
2.451 1.46817e-08
2.4515 1.50543e-08
2.452 1.54302e-08
2.4525 1.58095e-08
2.453 1.6192e-08
2.4535 1.65778e-08
2.454 1.69668e-08
2.4545 1.73589e-08
2.455 1.77541e-08
2.4555 1.81524e-08
2.456 1.85536e-08
2.4565 1.89578e-08
2.457 1.93649e-08
2.4575 1.97749e-08
2.458 2.01876e-08
2.4585 2.06031e-08
2.459 2.10213e-08
2.4595 2.14422e-08
2.46 2.18656e-08
2.4605 2.22917e-08
2.461 2.27202e-08
2.4615 2.31512e-08
2.462 2.35847e-08
2.4625 2.40205e-08
2.463 2.44587e-08
2.4635 2.48991e-08
2.464 2.53418e-08
2.4645 2.57866e-08
2.465 2.62336e-08
2.4655 2.66827e-08
2.466 2.71339e-08
2.4665 2.7587e-08
2.467 2.80422e-08
2.4675 2.84992e-08
2.468 2.89581e-08
2.4685 2.94191e-08
2.469 2.98813e-08
2.4695 3.03456e-08
2.47 3.08115e-08
2.4705 3.12791e-08
2.471 3.17483e-08
2.4715 3.2219e-08
2.472 3.26913e-08
2.4725 3.3165e-08
2.473 3.36401e-08
2.4735 3.41167e-08
2.474 3.45945e-08
2.4745 3.50737e-08
2.475 3.55541e-08
2.4755 3.60357e-08
2.476 3.65185e-08
2.4765 3.70024e-08
2.477 3.74874e-08
2.4775 3.79735e-08
2.478 3.84605e-08
2.4785 3.89485e-08
2.479 3.94374e-08
2.4795 3.99272e-08
2.48 4.04178e-08
2.4805 4.09092e-08
2.481 4.14013e-08
2.4815 4.18941e-08
2.482 4.23877e-08
2.4825 4.28818e-08
2.483 4.33765e-08
2.4835 4.38718e-08
2.484 4.43676e-08
2.4845 4.48638e-08
2.485 4.53605e-08
2.4855 4.58576e-08
2.486 4.6355e-08
2.4865 4.68527e-08
2.487 4.73507e-08
2.4875 4.7849e-08
2.488 4.83474e-08
2.4885 4.8846e-08
2.489 4.93447e-08
2.4895 4.98435e-08
2.49 5.03423e-08
2.4905 5.08411e-08
2.491 5.13399e-08
2.4915 5.18387e-08
2.492 5.23373e-08
2.4925 5.28358e-08
2.493 5.33341e-08
2.4935 5.38322e-08
2.494 5.433e-08
2.4945 5.48276e-08
2.495 5.53248e-08
2.4955 5.58217e-08
2.496 5.63182e-08
2.4965 5.68143e-08
2.497 5.73099e-08
2.4975 5.7805e-08
2.498 5.82996e-08
2.4985 5.87936e-08
2.499 5.9287e-08
2.4995 5.97798e-08
