0 0
0.0005 1.35864e-28
0.001 3.4781e-26
0.0015 8.91395e-25
0.002 8.90321e-24
0.0025 5.30667e-23
0.003 2.28174e-22
0.0035 7.83129e-22
0.004 2.27909e-21
0.0045 5.84752e-21
0.005 1.35838e-20
0.0055 2.91174e-20
0.006 5.84048e-20
0.0065 1.10798e-19
0.007 2.00445e-19
0.0075 3.48085e-19
0.008 5.83309e-19
0.0085 9.47356e-19
0.009 1.49652e-18
0.0095 2.30628e-18
0.01 3.47618e-18
0.0105 5.13565e-18
0.011 7.45074e-18
0.0115 1.0632e-17
0.012 1.49437e-17
0.0125 2.0714e-17
0.013 2.83467e-17
0.0135 3.83352e-17
0.014 5.12771e-17
0.0145 6.78911e-17
0.015 8.90364e-17
0.0155 1.15733e-16
0.016 1.49187e-16
0.0165 1.90813e-16
0.017 2.42266e-16
0.0175 3.05471e-16
0.018 3.82655e-16
0.0185 4.7639e-16
0.019 5.89627e-16
0.0195 7.25746e-16
0.02 8.88599e-16
0.0205 1.08256e-15
0.021 1.3126e-15
0.0215 1.58431e-15
0.022 1.90401e-15
0.0225 2.27877e-15
0.023 2.71653e-15
0.0235 3.22616e-15
0.024 3.81753e-15
0.0245 4.50163e-15
0.025 5.29064e-15
0.0255 6.19807e-15
0.026 7.23881e-15
0.0265 8.4293e-15
0.027 9.78764e-15
0.0275 1.13337e-14
0.028 1.30893e-14
0.0285 1.50782e-14
0.029 1.73266e-14
0.0295 1.9863e-14
0.03 2.27182e-14
0.0305 2.59262e-14
0.031 2.95236e-14
0.0315 3.35501e-14
0.032 3.80488e-14
0.0325 4.30665e-14
0.033 4.86536e-14
0.0335 5.48645e-14
0.034 6.17579e-14
0.0345 6.93971e-14
0.035 7.78501e-14
0.0355 8.719e-14
0.036 9.74954e-14
0.0365 1.0885e-13
0.037 1.21345e-13
0.0375 1.35077e-13
0.038 1.50148e-13
0.0385 1.66669e-13
0.039 1.84758e-13
0.0395 2.04541e-13
0.04 2.26151e-13
0.0405 2.49732e-13
0.041 2.75434e-13
0.0415 3.0342e-13
0.042 3.3386e-13
0.0425 3.66938e-13
0.043 4.02845e-13
0.0435 4.41786e-13
0.044 4.83979e-13
0.0445 5.29653e-13
0.045 5.79051e-13
0.0455 6.32429e-13
0.046 6.90059e-13
0.0465 7.52227e-13
0.047 8.19235e-13
0.0475 8.91404e-13
0.048 9.69068e-13
0.0485 1.05258e-12
0.049 1.14232e-12
0.0495 1.23867e-12
0.05 1.34205e-12
0.0505 1.45289e-12
0.051 1.57165e-12
0.0515 1.6988e-12
0.052 1.83485e-12
0.0525 1.98033e-12
0.053 2.13579e-12
0.0535 2.30181e-12
0.054 2.47899e-12
0.0545 2.66797e-12
0.055 2.86942e-12
0.0555 3.08404e-12
0.056 3.31255e-12
0.0565 3.55571e-12
0.057 3.81432e-12
0.0575 4.08921e-12
0.058 4.38124e-12
0.0585 4.69134e-12
0.059 5.02043e-12
0.0595 5.36951e-12
0.06 5.73961e-12
0.0605 6.13179e-12
0.061 6.54718e-12
0.0615 6.98693e-12
0.062 7.45226e-12
0.0625 7.94442e-12
0.063 8.46473e-12
0.0635 9.01455e-12
0.064 9.59531e-12
0.0645 1.02085e-11
0.065 1.08556e-11
0.0655 1.15382e-11
0.066 1.2258e-11
0.0665 1.30167e-11
0.067 1.3816e-11
0.0675 1.46579e-11
0.068 1.55442e-11
0.0685 1.6477e-11
0.069 1.74582e-11
0.0695 1.849e-11
0.07 1.95747e-11
0.0705 2.07145e-11
0.071 2.19118e-11
0.0715 2.31691e-11
0.072 2.44888e-11
0.0725 2.58737e-11
0.073 2.73264e-11
0.0735 2.88498e-11
0.074 3.04468e-11
0.0745 3.21204e-11
0.075 3.38736e-11
0.0755 3.57098e-11
0.076 3.76322e-11
0.0765 3.96443e-11
0.077 4.17495e-11
0.0775 4.39517e-11
0.078 4.62544e-11
0.0785 4.86617e-11
0.079 5.11776e-11
0.0795 5.38061e-11
0.08 5.65516e-11
0.0805 5.94185e-11
0.081 6.24113e-11
0.0815 6.55347e-11
0.082 6.87935e-11
0.0825 7.21928e-11
0.083 7.57375e-11
0.0835 7.9433e-11
0.084 8.32848e-11
0.0845 8.72983e-11
0.085 9.14795e-11
0.0855 9.58341e-11
0.086 1.00368e-10
0.0865 1.05088e-10
0.087 1.10001e-10
0.0875 1.15112e-10
0.088 1.20429e-10
0.0885 1.25959e-10
0.089 1.31708e-10
0.0895 1.37685e-10
0.09 1.43897e-10
0.0905 1.50352e-10
0.091 1.57058e-10
0.0915 1.64022e-10
0.092 1.71255e-10
0.0925 1.78763e-10
0.093 1.86556e-10
0.0935 1.94644e-10
0.094 2.03035e-10
0.0945 2.1174e-10
0.095 2.20768e-10
0.0955 2.30129e-10
0.096 2.39834e-10
0.0965 2.49894e-10
0.097 2.60318e-10
0.0975 2.7112e-10
0.098 2.82309e-10
0.0985 2.93899e-10
0.099 3.059e-10
0.0995 3.18325e-10
0.1 3.31188e-10
0.1005 3.44501e-10
0.101 3.58277e-10
0.1015 3.72529e-10
0.102 3.87273e-10
0.1025 4.02522e-10
0.103 4.1829e-10
0.1035 4.34594e-10
0.104 4.51447e-10
0.1045 4.68866e-10
0.105 4.86867e-10
0.1055 5.05466e-10
0.106 5.24679e-10
0.1065 5.44525e-10
0.107 5.65021e-10
0.1075 5.86184e-10
0.108 6.08033e-10
0.1085 6.30587e-10
0.109 6.53864e-10
0.1095 6.77885e-10
0.11 7.0267e-10
0.1105 7.28239e-10
0.111 7.54612e-10
0.1115 7.81812e-10
0.112 8.0986e-10
0.1125 8.38778e-10
0.113 8.6859e-10
0.1135 8.99318e-10
0.114 9.30986e-10
0.1145 9.63619e-10
0.115 9.97241e-10
0.1155 1.03188e-09
0.116 1.06755e-09
0.1165 1.1043e-09
0.117 1.14213e-09
0.1175 1.18109e-09
0.118 1.2212e-09
0.1185 1.26248e-09
0.119 1.30497e-09
0.1195 1.3487e-09
0.12 1.3937e-09
0.1205 1.43999e-09
0.121 1.48761e-09
0.1215 1.53659e-09
0.122 1.58696e-09
0.1225 1.63877e-09
0.123 1.69203e-09
0.1235 1.74679e-09
0.124 1.80308e-09
0.1245 1.86094e-09
0.125 1.9204e-09
0.1255 1.98151e-09
0.126 2.04429e-09
0.1265 2.10879e-09
0.127 2.17505e-09
0.1275 2.24311e-09
0.128 2.31301e-09
0.1285 2.38478e-09
0.129 2.45849e-09
0.1295 2.53415e-09
0.13 2.61183e-09
0.1305 2.69157e-09
0.131 2.77341e-09
0.1315 2.85739e-09
0.132 2.94358e-09
0.1325 3.032e-09
0.133 3.12272e-09
0.1335 3.21578e-09
0.134 3.31123e-09
0.1345 3.40913e-09
0.135 3.50953e-09
0.1355 3.61248e-09
0.136 3.71803e-09
0.1365 3.82625e-09
0.137 3.93718e-09
0.1375 4.05089e-09
0.138 4.16743e-09
0.1385 4.28686e-09
0.139 4.40924e-09
0.1395 4.53464e-09
0.14 4.66311e-09
0.1405 4.79472e-09
0.141 4.92954e-09
0.1415 5.06762e-09
0.142 5.20904e-09
0.1425 5.35386e-09
0.143 5.50215e-09
0.1435 5.65398e-09
0.144 5.80942e-09
0.1445 5.96854e-09
0.145 6.13142e-09
0.1455 6.29814e-09
0.146 6.46875e-09
0.1465 6.64335e-09
0.147 6.82201e-09
0.1475 7.00481e-09
0.148 7.19182e-09
0.1485 7.38314e-09
0.149 7.57884e-09
0.1495 7.77901e-09
0.15 7.98373e-09
0.1505 8.19309e-09
0.151 8.40718e-09
0.1515 8.62608e-09
0.152 8.84989e-09
0.1525 9.0787e-09
0.153 9.3126e-09
0.1535 9.55169e-09
0.154 9.79605e-09
0.1545 1.00458e-08
0.155 1.0301e-08
0.1555 1.05618e-08
0.156 1.08283e-08
0.1565 1.11006e-08
0.157 1.13788e-08
0.1575 1.16629e-08
0.158 1.19532e-08
0.1585 1.22496e-08
0.159 1.25524e-08
0.1595 1.28617e-08
0.16 1.31774e-08
0.1605 1.34999e-08
0.161 1.38291e-08
0.1615 1.41652e-08
0.162 1.45084e-08
0.1625 1.48587e-08
0.163 1.52162e-08
0.1635 1.55812e-08
0.164 1.59536e-08
0.1645 1.63337e-08
0.165 1.67216e-08
0.1655 1.71174e-08
0.166 1.75213e-08
0.1665 1.79333e-08
0.167 1.83537e-08
0.1675 1.87825e-08
0.168 1.92199e-08
0.1685 1.96661e-08
0.169 2.01211e-08
0.1695 2.05852e-08
0.17 2.10585e-08
0.1705 2.15411e-08
0.171 2.20332e-08
0.1715 2.2535e-08
0.172 2.30465e-08
0.1725 2.3568e-08
0.173 2.40996e-08
0.1735 2.46416e-08
0.174 2.51939e-08
0.1745 2.57569e-08
0.175 2.63307e-08
0.1755 2.69154e-08
0.176 2.75112e-08
0.1765 2.81184e-08
0.177 2.8737e-08
0.1775 2.93673e-08
0.178 3.00095e-08
0.1785 3.06636e-08
0.179 3.133e-08
0.1795 3.20088e-08
0.18 3.27002e-08
0.1805 3.34044e-08
0.181 3.41216e-08
0.1815 3.48519e-08
0.182 3.55957e-08
0.1825 3.6353e-08
0.183 3.71241e-08
0.1835 3.79092e-08
0.184 3.87085e-08
0.1845 3.95222e-08
0.185 4.03506e-08
0.1855 4.11938e-08
0.186 4.20521e-08
0.1865 4.29257e-08
0.187 4.38148e-08
0.1875 4.47197e-08
0.188 4.56405e-08
0.1885 4.65776e-08
0.189 4.75311e-08
0.1895 4.85012e-08
0.19 4.94883e-08
0.1905 5.04926e-08
0.191 5.15143e-08
0.1915 5.25536e-08
0.192 5.36108e-08
0.1925 5.46863e-08
0.193 5.57801e-08
0.1935 5.68926e-08
0.194 5.80241e-08
0.1945 5.91747e-08
0.195 6.03449e-08
0.1955 6.15348e-08
0.196 6.27447e-08
0.1965 6.39749e-08
0.197 6.52257e-08
0.1975 6.64974e-08
0.198 6.77902e-08
0.1985 6.91045e-08
0.199 7.04404e-08
0.1995 7.17984e-08
0.2 7.31788e-08
0.2005 7.45817e-08
0.201 7.60076e-08
0.2015 7.74567e-08
0.202 7.89293e-08
0.2025 8.04258e-08
0.203 8.19465e-08
0.2035 8.34916e-08
0.204 8.50616e-08
0.2045 8.66567e-08
0.205 8.82773e-08
0.2055 8.99237e-08
0.206 9.15962e-08
0.2065 9.32953e-08
0.207 9.50211e-08
0.2075 9.67741e-08
0.208 9.85546e-08
0.2085 1.00363e-07
0.209 1.022e-07
0.2095 1.04065e-07
0.21 1.05959e-07
0.2105 1.07882e-07
0.211 1.09835e-07
0.2115 1.11819e-07
0.212 1.13832e-07
0.2125 1.15877e-07
0.213 1.17952e-07
0.2135 1.2006e-07
0.214 1.22199e-07
0.2145 1.2437e-07
0.215 1.26575e-07
0.2155 1.28812e-07
0.216 1.31083e-07
0.2165 1.33388e-07
0.217 1.35728e-07
0.2175 1.38102e-07
0.218 1.40512e-07
0.2185 1.42957e-07
0.219 1.45438e-07
0.2195 1.47956e-07
0.22 1.50511e-07
0.2205 1.53103e-07
0.221 1.55733e-07
0.2215 1.58402e-07
0.222 1.61109e-07
0.2225 1.63855e-07
0.223 1.66641e-07
0.2235 1.69467e-07
0.224 1.72334e-07
0.2245 1.75242e-07
0.225 1.78191e-07
0.2255 1.81183e-07
0.226 1.84216e-07
0.2265 1.87293e-07
0.227 1.90414e-07
0.2275 1.93578e-07
0.228 1.96787e-07
0.2285 2.00041e-07
0.229 2.0334e-07
0.2295 2.06685e-07
0.23 2.10077e-07
0.2305 2.13516e-07
0.231 2.17003e-07
0.2315 2.20537e-07
0.232 2.24121e-07
0.2325 2.27753e-07
0.233 2.31435e-07
0.2335 2.35168e-07
0.234 2.38951e-07
0.2345 2.42786e-07
0.235 2.46672e-07
0.2355 2.50611e-07
0.236 2.54604e-07
0.2365 2.5865e-07
0.237 2.6275e-07
0.2375 2.66905e-07
0.238 2.71115e-07
0.2385 2.75381e-07
0.239 2.79704e-07
0.2395 2.84084e-07
0.24 2.88522e-07
0.2405 2.93019e-07
0.241 2.97574e-07
0.2415 3.02189e-07
0.242 3.06864e-07
0.2425 3.11601e-07
0.243 3.16398e-07
0.2435 3.21258e-07
0.244 3.26181e-07
0.2445 3.31168e-07
0.245 3.36218e-07
0.2455 3.41333e-07
0.246 3.46514e-07
0.2465 3.5176e-07
0.247 3.57074e-07
0.2475 3.62455e-07
0.248 3.67904e-07
0.2485 3.73422e-07
0.249 3.7901e-07
0.2495 3.84667e-07
0.25 3.90396e-07
0.2505 3.96196e-07
0.251 4.02069e-07
0.2515 4.08015e-07
0.252 4.14034e-07
0.2525 4.20128e-07
0.253 4.26298e-07
0.2535 4.32543e-07
0.254 4.38865e-07
0.2545 4.45264e-07
0.255 4.51742e-07
0.2555 4.58299e-07
0.256 4.64935e-07
0.2565 4.71652e-07
0.257 4.7845e-07
0.2575 4.85331e-07
0.258 4.92294e-07
0.2585 4.99341e-07
0.259 5.06472e-07
0.2595 5.13688e-07
0.26 5.20991e-07
0.2605 5.2838e-07
0.261 5.35857e-07
0.2615 5.43422e-07
0.262 5.51077e-07
0.2625 5.58822e-07
0.263 5.66658e-07
0.2635 5.74585e-07
0.264 5.82606e-07
0.2645 5.9072e-07
0.265 5.98928e-07
0.2655 6.07231e-07
0.266 6.1563e-07
0.2665 6.24127e-07
0.267 6.32721e-07
0.2675 6.41414e-07
0.268 6.50207e-07
0.2685 6.591e-07
0.269 6.68094e-07
0.2695 6.77191e-07
0.27 6.86391e-07
0.2705 6.95695e-07
0.271 7.05104e-07
0.2715 7.1462e-07
0.272 7.24242e-07
0.2725 7.33972e-07
0.273 7.4381e-07
0.2735 7.53759e-07
0.274 7.63818e-07
0.2745 7.73989e-07
0.275 7.84273e-07
0.2755 7.9467e-07
0.276 8.05181e-07
0.2765 8.15808e-07
0.277 8.26552e-07
0.2775 8.37413e-07
0.278 8.48393e-07
0.2785 8.59493e-07
0.279 8.70712e-07
0.2795 8.82054e-07
0.28 8.93518e-07
0.2805 9.05106e-07
0.281 9.16818e-07
0.2815 9.28656e-07
0.282 9.4062e-07
0.2825 9.52713e-07
0.283 9.64934e-07
0.2835 9.77285e-07
0.284 9.89767e-07
0.2845 1.00238e-06
0.285 1.01513e-06
0.2855 1.02801e-06
0.286 1.04103e-06
0.2865 1.05418e-06
0.287 1.06747e-06
0.2875 1.0809e-06
0.288 1.09447e-06
0.2885 1.10818e-06
0.289 1.12203e-06
0.2895 1.13602e-06
0.29 1.15016e-06
0.2905 1.16444e-06
0.291 1.17887e-06
0.2915 1.19345e-06
0.292 1.20818e-06
0.2925 1.22305e-06
0.293 1.23808e-06
0.2935 1.25326e-06
0.294 1.2686e-06
0.2945 1.28408e-06
0.295 1.29973e-06
0.2955 1.31553e-06
0.296 1.33149e-06
0.2965 1.3476e-06
0.297 1.36388e-06
0.2975 1.38032e-06
0.298 1.39693e-06
0.2985 1.41369e-06
0.299 1.43063e-06
0.2995 1.44773e-06
0.3 1.465e-06
0.3005 1.48243e-06
0.301 1.50004e-06
0.3015 1.51782e-06
0.302 1.53577e-06
0.3025 1.5539e-06
0.303 1.5722e-06
0.3035 1.59068e-06
0.304 1.60934e-06
0.3045 1.62817e-06
0.305 1.64719e-06
0.3055 1.66639e-06
0.306 1.68577e-06
0.3065 1.70534e-06
0.307 1.72509e-06
0.3075 1.74503e-06
0.308 1.76516e-06
0.3085 1.78548e-06
0.309 1.80599e-06
0.3095 1.8267e-06
0.31 1.84759e-06
0.3105 1.86869e-06
0.311 1.88998e-06
0.3115 1.91146e-06
0.312 1.93315e-06
0.3125 1.95504e-06
0.313 1.97713e-06
0.3135 1.99942e-06
0.314 2.02192e-06
0.3145 2.04462e-06
0.315 2.06754e-06
0.3155 2.09066e-06
0.316 2.11399e-06
0.3165 2.13754e-06
0.317 2.1613e-06
0.3175 2.18527e-06
0.318 2.20946e-06
0.3185 2.23387e-06
0.319 2.25849e-06
0.3195 2.28334e-06
0.32 2.30841e-06
0.3205 2.3337e-06
0.321 2.35922e-06
0.3215 2.38497e-06
0.322 2.41094e-06
0.3225 2.43714e-06
0.323 2.46358e-06
0.3235 2.49024e-06
0.324 2.51714e-06
0.3245 2.54428e-06
0.325 2.57165e-06
0.3255 2.59926e-06
0.326 2.62711e-06
0.3265 2.65521e-06
0.327 2.68354e-06
0.3275 2.71212e-06
0.328 2.74095e-06
0.3285 2.77003e-06
0.329 2.79935e-06
0.3295 2.82892e-06
0.33 2.85875e-06
0.3305 2.88883e-06
0.331 2.91917e-06
0.3315 2.94976e-06
0.332 2.98062e-06
0.3325 3.01173e-06
0.333 3.0431e-06
0.3335 3.07474e-06
0.334 3.10664e-06
0.3345 3.13881e-06
0.335 3.17125e-06
0.3355 3.20396e-06
0.336 3.23694e-06
0.3365 3.27019e-06
0.337 3.30372e-06
0.3375 3.33752e-06
0.338 3.3716e-06
0.3385 3.40596e-06
0.339 3.4406e-06
0.3395 3.47553e-06
0.34 3.51074e-06
0.3405 3.54623e-06
0.341 3.58201e-06
0.3415 3.61808e-06
0.342 3.65445e-06
0.3425 3.6911e-06
0.343 3.72805e-06
0.3435 3.7653e-06
0.344 3.80284e-06
0.3445 3.84069e-06
0.345 3.87883e-06
0.3455 3.91728e-06
0.346 3.95603e-06
0.3465 3.99509e-06
0.347 4.03446e-06
0.3475 4.07413e-06
0.348 4.11412e-06
0.3485 4.15442e-06
0.349 4.19503e-06
0.3495 4.23597e-06
0.35 4.27721e-06
0.3505 4.31878e-06
0.351 4.36068e-06
0.3515 4.40289e-06
0.352 4.44543e-06
0.3525 4.48829e-06
0.353 4.53149e-06
0.3535 4.57501e-06
0.354 4.61887e-06
0.3545 4.66306e-06
0.355 4.70759e-06
0.3555 4.75245e-06
0.356 4.79766e-06
0.3565 4.8432e-06
0.357 4.88909e-06
0.3575 4.93532e-06
0.358 4.98189e-06
0.3585 5.02882e-06
0.359 5.07609e-06
0.3595 5.12372e-06
0.36 5.1717e-06
0.3605 5.22003e-06
0.361 5.26872e-06
0.3615 5.31777e-06
0.362 5.36718e-06
0.3625 5.41695e-06
0.363 5.46709e-06
0.3635 5.51759e-06
0.364 5.56846e-06
0.3645 5.6197e-06
0.365 5.67131e-06
0.3655 5.72329e-06
0.366 5.77565e-06
0.3665 5.82838e-06
0.367 5.8815e-06
0.3675 5.93499e-06
0.368 5.98887e-06
0.3685 6.04312e-06
0.369 6.09777e-06
0.3695 6.1528e-06
0.37 6.20822e-06
0.3705 6.26404e-06
0.371 6.32024e-06
0.3715 6.37684e-06
0.372 6.43384e-06
0.3725 6.49124e-06
0.373 6.54903e-06
0.3735 6.60723e-06
0.374 6.66583e-06
0.3745 6.72484e-06
0.375 6.78426e-06
0.3755 6.84408e-06
0.376 6.90432e-06
0.3765 6.96497e-06
0.377 7.02604e-06
0.3775 7.08752e-06
0.378 7.14942e-06
0.3785 7.21174e-06
0.379 7.27449e-06
0.3795 7.33766e-06
0.38 7.40125e-06
0.3805 7.46527e-06
0.381 7.52972e-06
0.3815 7.59461e-06
0.382 7.65993e-06
0.3825 7.72568e-06
0.383 7.79187e-06
0.3835 7.8585e-06
0.384 7.92557e-06
0.3845 7.99308e-06
0.385 8.06104e-06
0.3855 8.12945e-06
0.386 8.1983e-06
0.3865 8.2676e-06
0.387 8.33736e-06
0.3875 8.40757e-06
0.388 8.47823e-06
0.3885 8.54935e-06
0.389 8.62093e-06
0.3895 8.69298e-06
0.39 8.76548e-06
0.3905 8.83846e-06
0.391 8.91189e-06
0.3915 8.9858e-06
0.392 9.06018e-06
0.3925 9.13503e-06
0.393 9.21035e-06
0.3935 9.28615e-06
0.394 9.36243e-06
0.3945 9.43919e-06
0.395 9.51643e-06
0.3955 9.59415e-06
0.396 9.67236e-06
0.3965 9.75106e-06
0.397 9.83024e-06
0.3975 9.90992e-06
0.398 9.99008e-06
0.3985 1.00707e-05
0.399 1.01519e-05
0.3995 1.02336e-05
0.4 1.03157e-05
0.4005 1.03984e-05
0.401 1.04815e-05
0.4015 1.05652e-05
0.402 1.06494e-05
0.4025 1.07341e-05
0.403 1.08193e-05
0.4035 1.0905e-05
0.404 1.09912e-05
0.4045 1.10779e-05
0.405 1.11652e-05
0.4055 1.1253e-05
0.406 1.13413e-05
0.4065 1.14301e-05
0.407 1.15194e-05
0.4075 1.16093e-05
0.408 1.16997e-05
0.4085 1.17906e-05
0.409 1.18821e-05
0.4095 1.19741e-05
0.41 1.20666e-05
0.4105 1.21597e-05
0.411 1.22533e-05
0.4115 1.23475e-05
0.412 1.24422e-05
0.4125 1.25374e-05
0.413 1.26332e-05
0.4135 1.27295e-05
0.414 1.28264e-05
0.4145 1.29239e-05
0.415 1.30219e-05
0.4155 1.31204e-05
0.416 1.32195e-05
0.4165 1.33192e-05
0.417 1.34194e-05
0.4175 1.35202e-05
0.418 1.36215e-05
0.4185 1.37235e-05
0.419 1.38259e-05
0.4195 1.3929e-05
0.42 1.40326e-05
0.4205 1.41368e-05
0.421 1.42416e-05
0.4215 1.43469e-05
0.422 1.44528e-05
0.4225 1.45593e-05
0.423 1.46664e-05
0.4235 1.47741e-05
0.424 1.48823e-05
0.4245 1.49912e-05
0.425 1.51006e-05
0.4255 1.52106e-05
0.426 1.53212e-05
0.4265 1.54324e-05
0.427 1.55442e-05
0.4275 1.56566e-05
0.428 1.57695e-05
0.4285 1.58831e-05
0.429 1.59973e-05
0.4295 1.61121e-05
0.43 1.62275e-05
0.4305 1.63435e-05
0.431 1.646e-05
0.4315 1.65773e-05
0.432 1.66951e-05
0.4325 1.68135e-05
0.433 1.69325e-05
0.4335 1.70522e-05
0.434 1.71725e-05
0.4345 1.72933e-05
0.435 1.74148e-05
0.4355 1.7537e-05
0.436 1.76597e-05
0.4365 1.77831e-05
0.437 1.79071e-05
0.4375 1.80317e-05
0.438 1.8157e-05
0.4385 1.82828e-05
0.439 1.84093e-05
0.4395 1.85365e-05
0.44 1.86643e-05
0.4405 1.87927e-05
0.441 1.89217e-05
0.4415 1.90514e-05
0.442 1.91817e-05
0.4425 1.93127e-05
0.443 1.94443e-05
0.4435 1.95766e-05
0.444 1.97095e-05
0.4445 1.9843e-05
0.445 1.99772e-05
0.4455 2.0112e-05
0.446 2.02475e-05
0.4465 2.03837e-05
0.447 2.05205e-05
0.4475 2.06579e-05
0.448 2.0796e-05
0.4485 2.09348e-05
0.449 2.10742e-05
0.4495 2.12143e-05
0.45 2.1355e-05
0.4505 2.14965e-05
0.451 2.16385e-05
0.4515 2.17813e-05
0.452 2.19247e-05
0.4525 2.20687e-05
0.453 2.22135e-05
0.4535 2.23589e-05
0.454 2.25049e-05
0.4545 2.26517e-05
0.455 2.27991e-05
0.4555 2.29472e-05
0.456 2.3096e-05
0.4565 2.32454e-05
0.457 2.33956e-05
0.4575 2.35464e-05
0.458 2.36978e-05
0.4585 2.385e-05
0.459 2.40029e-05
0.4595 2.41564e-05
0.46 2.43106e-05
0.4605 2.44655e-05
0.461 2.46211e-05
0.4615 2.47774e-05
0.462 2.49343e-05
0.4625 2.5092e-05
0.463 2.52503e-05
0.4635 2.54094e-05
0.464 2.55691e-05
0.4645 2.57295e-05
0.465 2.58906e-05
0.4655 2.60524e-05
0.466 2.6215e-05
0.4665 2.63782e-05
0.467 2.65421e-05
0.4675 2.67067e-05
0.468 2.6872e-05
0.4685 2.7038e-05
0.469 2.72047e-05
0.4695 2.73721e-05
0.47 2.75402e-05
0.4705 2.7709e-05
0.471 2.78785e-05
0.4715 2.80488e-05
0.472 2.82197e-05
0.4725 2.83913e-05
0.473 2.85637e-05
0.4735 2.87368e-05
0.474 2.89105e-05
0.4745 2.9085e-05
0.475 2.92602e-05
0.4755 2.94361e-05
0.476 2.96127e-05
0.4765 2.979e-05
0.477 2.99681e-05
0.4775 3.01468e-05
0.478 3.03263e-05
0.4785 3.05065e-05
0.479 3.06874e-05
0.4795 3.0869e-05
0.48 3.10514e-05
0.4805 3.12344e-05
0.481 3.14182e-05
0.4815 3.16027e-05
0.482 3.17879e-05
0.4825 3.19738e-05
0.483 3.21605e-05
0.4835 3.23479e-05
0.484 3.2536e-05
0.4845 3.27248e-05
0.485 3.29143e-05
0.4855 3.31046e-05
0.486 3.32956e-05
0.4865 3.34873e-05
0.487 3.36797e-05
0.4875 3.38729e-05
0.488 3.40668e-05
0.4885 3.42614e-05
0.489 3.44567e-05
0.4895 3.46528e-05
0.49 3.48496e-05
0.4905 3.50471e-05
0.491 3.52453e-05
0.4915 3.54443e-05
0.492 3.5644e-05
0.4925 3.58444e-05
0.493 3.60456e-05
0.4935 3.62474e-05
0.494 3.64501e-05
0.4945 3.66534e-05
0.495 3.68575e-05
0.4955 3.70622e-05
0.496 3.72678e-05
0.4965 3.7474e-05
0.497 3.7681e-05
0.4975 3.78887e-05
0.498 3.80971e-05
0.4985 3.83063e-05
0.499 3.85162e-05
0.4995 3.87268e-05
0.5 3.89381e-05
0.5005 3.91502e-05
0.501 3.9363e-05
0.5015 3.95766e-05
0.502 3.97908e-05
0.5025 4.00058e-05
0.503 4.02215e-05
0.5035 4.0438e-05
0.504 4.06551e-05
0.5045 4.0873e-05
0.505 4.10917e-05
0.5055 4.1311e-05
0.506 4.15311e-05
0.5065 4.17519e-05
0.507 4.19735e-05
0.5075 4.21957e-05
0.508 4.24187e-05
0.5085 4.26424e-05
0.509 4.28669e-05
0.5095 4.3092e-05
0.51 4.33179e-05
0.5105 4.35445e-05
0.511 4.37718e-05
0.5115 4.39999e-05
0.512 4.42287e-05
0.5125 4.44582e-05
0.513 4.46884e-05
0.5135 4.49194e-05
0.514 4.5151e-05
0.5145 4.53834e-05
0.515 4.56165e-05
0.5155 4.58503e-05
0.516 4.60849e-05
0.5165 4.63202e-05
0.517 4.65561e-05
0.5175 4.67928e-05
0.518 4.70302e-05
0.5185 4.72684e-05
0.519 4.75072e-05
0.5195 4.77468e-05
0.52 4.7987e-05
0.5205 4.8228e-05
0.521 4.84697e-05
0.5215 4.87121e-05
0.522 4.89552e-05
0.5225 4.91991e-05
0.523 4.94436e-05
0.5235 4.96889e-05
0.524 4.99348e-05
0.5245 5.01815e-05
0.525 5.04288e-05
0.5255 5.06769e-05
0.526 5.09256e-05
0.5265 5.11751e-05
0.527 5.14253e-05
0.5275 5.16762e-05
0.528 5.19277e-05
0.5285 5.218e-05
0.529 5.2433e-05
0.5295 5.26866e-05
0.53 5.2941e-05
0.5305 5.3196e-05
0.531 5.34518e-05
0.5315 5.37082e-05
0.532 5.39653e-05
0.5325 5.42231e-05
0.533 5.44816e-05
0.5335 5.47408e-05
0.534 5.50007e-05
0.5345 5.52612e-05
0.535 5.55225e-05
0.5355 5.57844e-05
0.536 5.6047e-05
0.5365 5.63103e-05
0.537 5.65742e-05
0.5375 5.68389e-05
0.538 5.71042e-05
0.5385 5.73701e-05
0.539 5.76368e-05
0.5395 5.79041e-05
0.54 5.81721e-05
0.5405 5.84408e-05
0.541 5.87101e-05
0.5415 5.89801e-05
0.542 5.92507e-05
0.5425 5.9522e-05
0.543 5.9794e-05
0.5435 6.00666e-05
0.544 6.03399e-05
0.5445 6.06138e-05
0.545 6.08884e-05
0.5455 6.11637e-05
0.546 6.14396e-05
0.5465 6.17161e-05
0.547 6.19933e-05
0.5475 6.22711e-05
0.548 6.25496e-05
0.5485 6.28287e-05
0.549 6.31084e-05
0.5495 6.33888e-05
0.55 6.36698e-05
0.5505 6.39515e-05
0.551 6.42337e-05
0.5515 6.45166e-05
0.552 6.48002e-05
0.5525 6.50843e-05
0.553 6.53691e-05
0.5535 6.56545e-05
0.554 6.59405e-05
0.5545 6.62272e-05
0.555 6.65144e-05
0.5555 6.68023e-05
0.556 6.70908e-05
0.5565 6.73799e-05
0.557 6.76695e-05
0.5575 6.79598e-05
0.558 6.82507e-05
0.5585 6.85422e-05
0.559 6.88343e-05
0.5595 6.9127e-05
0.56 6.94203e-05
0.5605 6.97141e-05
0.561 7.00086e-05
0.5615 7.03036e-05
0.562 7.05993e-05
0.5625 7.08955e-05
0.563 7.11923e-05
0.5635 7.14896e-05
0.564 7.17875e-05
0.5645 7.2086e-05
0.565 7.23851e-05
0.5655 7.26848e-05
0.566 7.2985e-05
0.5665 7.32857e-05
0.567 7.3587e-05
0.5675 7.38889e-05
0.568 7.41913e-05
0.5685 7.44943e-05
0.569 7.47978e-05
0.5695 7.51019e-05
0.57 7.54065e-05
0.5705 7.57117e-05
0.571 7.60174e-05
0.5715 7.63236e-05
0.572 7.66303e-05
0.5725 7.69376e-05
0.573 7.72454e-05
0.5735 7.75538e-05
0.574 7.78626e-05
0.5745 7.8172e-05
0.575 7.84819e-05
0.5755 7.87923e-05
0.576 7.91032e-05
0.5765 7.94146e-05
0.577 7.97265e-05
0.5775 8.00389e-05
0.578 8.03518e-05
0.5785 8.06652e-05
0.579 8.09791e-05
0.5795 8.12935e-05
0.58 8.16084e-05
0.5805 8.19237e-05
0.581 8.22395e-05
0.5815 8.25558e-05
0.582 8.28726e-05
0.5825 8.31898e-05
0.583 8.35075e-05
0.5835 8.38257e-05
0.584 8.41443e-05
0.5845 8.44634e-05
0.585 8.47829e-05
0.5855 8.51029e-05
0.586 8.54234e-05
0.5865 8.57442e-05
0.587 8.60655e-05
0.5875 8.63873e-05
0.588 8.67095e-05
0.5885 8.70321e-05
0.589 8.73551e-05
0.5895 8.76785e-05
0.59 8.80024e-05
0.5905 8.83267e-05
0.591 8.86514e-05
0.5915 8.89765e-05
0.592 8.9302e-05
0.5925 8.96279e-05
0.593 8.99542e-05
0.5935 9.02809e-05
0.594 9.0608e-05
0.5945 9.09355e-05
0.595 9.12634e-05
0.5955 9.15916e-05
0.596 9.19202e-05
0.5965 9.22492e-05
0.597 9.25786e-05
0.5975 9.29083e-05
0.598 9.32384e-05
0.5985 9.35688e-05
0.599 9.38996e-05
0.5995 9.42308e-05
0.6 9.45622e-05
0.6005 9.48941e-05
0.601 9.52262e-05
0.6015 9.55587e-05
0.602 9.58916e-05
0.6025 9.62247e-05
0.603 9.65582e-05
0.6035 9.6892e-05
0.604 9.72261e-05
0.6045 9.75605e-05
0.605 9.78952e-05
0.6055 9.82303e-05
0.606 9.85656e-05
0.6065 9.89012e-05
0.607 9.92371e-05
0.6075 9.95733e-05
0.608 9.99098e-05
0.6085 0.000100247
0.609 0.000100584
0.6095 0.000100921
0.61 0.000101258
0.6105 0.000101596
0.611 0.000101934
0.6115 0.000102273
0.612 0.000102611
0.6125 0.00010295
0.613 0.000103289
0.6135 0.000103628
0.614 0.000103968
0.6145 0.000104308
0.615 0.000104648
0.6155 0.000104988
0.616 0.000105328
0.6165 0.000105669
0.617 0.00010601
0.6175 0.000106351
0.618 0.000106692
0.6185 0.000107033
0.619 0.000107375
0.6195 0.000107717
0.62 0.000108059
0.6205 0.000108401
0.621 0.000108743
0.6215 0.000109086
0.622 0.000109428
0.6225 0.000109771
0.623 0.000110114
0.6235 0.000110457
0.624 0.0001108
0.6245 0.000111144
0.625 0.000111487
0.6255 0.000111831
0.626 0.000112175
0.6265 0.000112518
0.627 0.000112862
0.6275 0.000113206
0.628 0.000113551
0.6285 0.000113895
0.629 0.000114239
0.6295 0.000114584
0.63 0.000114928
0.6305 0.000115273
0.631 0.000115618
0.6315 0.000115963
0.632 0.000116307
0.6325 0.000116652
0.633 0.000116997
0.6335 0.000117342
0.634 0.000117687
0.6345 0.000118032
0.635 0.000118378
0.6355 0.000118723
0.636 0.000119068
0.6365 0.000119413
0.637 0.000119759
0.6375 0.000120104
0.638 0.000120449
0.6385 0.000120794
0.639 0.00012114
0.6395 0.000121485
0.64 0.00012183
0.6405 0.000122175
0.641 0.000122521
0.6415 0.000122866
0.642 0.000123211
0.6425 0.000123556
0.643 0.000123901
0.6435 0.000124246
0.644 0.000124591
0.6445 0.000124936
0.645 0.000125281
0.6455 0.000125626
0.646 0.00012597
0.6465 0.000126315
0.647 0.000126659
0.6475 0.000127004
0.648 0.000127348
0.6485 0.000127693
0.649 0.000128037
0.6495 0.000128381
0.65 0.000128725
0.6505 0.000129069
0.651 0.000129412
0.6515 0.000129756
0.652 0.000130099
0.6525 0.000130442
0.653 0.000130786
0.6535 0.000131129
0.654 0.000131471
0.6545 0.000131814
0.655 0.000132157
0.6555 0.000132499
0.656 0.000132841
0.6565 0.000133183
0.657 0.000133525
0.6575 0.000133866
0.658 0.000134208
0.6585 0.000134549
0.659 0.00013489
0.6595 0.000135231
0.66 0.000135571
0.6605 0.000135911
0.661 0.000136252
0.6615 0.000136591
0.662 0.000136931
0.6625 0.00013727
0.663 0.000137609
0.6635 0.000137948
0.664 0.000138287
0.6645 0.000138625
0.665 0.000138963
0.6655 0.000139301
0.666 0.000139638
0.6665 0.000139975
0.667 0.000140312
0.6675 0.000140649
0.668 0.000140985
0.6685 0.000141321
0.669 0.000141657
0.6695 0.000141992
0.67 0.000142327
0.6705 0.000142662
0.671 0.000142996
0.6715 0.00014333
0.672 0.000143664
0.6725 0.000143997
0.673 0.00014433
0.6735 0.000144662
0.674 0.000144994
0.6745 0.000145326
0.675 0.000145658
0.6755 0.000145988
0.676 0.000146319
0.6765 0.000146649
0.677 0.000146979
0.6775 0.000147308
0.678 0.000147637
0.6785 0.000147966
0.679 0.000148294
0.6795 0.000148622
0.68 0.000148949
0.6805 0.000149276
0.681 0.000149602
0.6815 0.000149928
0.682 0.000150253
0.6825 0.000150578
0.683 0.000150903
0.6835 0.000151227
0.684 0.00015155
0.6845 0.000151873
0.685 0.000152196
0.6855 0.000152518
0.686 0.000152839
0.6865 0.000153161
0.687 0.000153481
0.6875 0.000153801
0.688 0.00015412
0.6885 0.000154439
0.689 0.000154758
0.6895 0.000155076
0.69 0.000155393
0.6905 0.00015571
0.691 0.000156026
0.6915 0.000156341
0.692 0.000156656
0.6925 0.000156971
0.693 0.000157285
0.6935 0.000157598
0.694 0.000157911
0.6945 0.000158223
0.695 0.000158534
0.6955 0.000158845
0.696 0.000159155
0.6965 0.000159465
0.697 0.000159774
0.6975 0.000160082
0.698 0.00016039
0.6985 0.000160697
0.699 0.000161004
0.6995 0.000161309
0.7 0.000161614
0.7005 0.000161919
0.701 0.000162223
0.7015 0.000162526
0.702 0.000162828
0.7025 0.00016313
0.703 0.000163431
0.7035 0.000163731
0.704 0.000164031
0.7045 0.00016433
0.705 0.000164628
0.7055 0.000164926
0.706 0.000165222
0.7065 0.000165518
0.707 0.000165814
0.7075 0.000166108
0.708 0.000166402
0.7085 0.000166695
0.709 0.000166987
0.7095 0.000167279
0.71 0.00016757
0.7105 0.00016786
0.711 0.000168149
0.7115 0.000168437
0.712 0.000168725
0.7125 0.000169012
0.713 0.000169298
0.7135 0.000169583
0.714 0.000169868
0.7145 0.000170151
0.715 0.000170434
0.7155 0.000170716
0.716 0.000170997
0.7165 0.000171277
0.717 0.000171557
0.7175 0.000171835
0.718 0.000172113
0.7185 0.00017239
0.719 0.000172666
0.7195 0.000172941
0.72 0.000173215
0.7205 0.000173489
0.721 0.000173761
0.7215 0.000174033
0.722 0.000174304
0.7225 0.000174574
0.723 0.000174842
0.7235 0.00017511
0.724 0.000175378
0.7245 0.000175644
0.725 0.000175909
0.7255 0.000176173
0.726 0.000176437
0.7265 0.000176699
0.727 0.000176961
0.7275 0.000177221
0.728 0.000177481
0.7285 0.000177739
0.729 0.000177997
0.7295 0.000178254
0.73 0.000178509
0.7305 0.000178764
0.731 0.000179018
0.7315 0.000179271
0.732 0.000179522
0.7325 0.000179773
0.733 0.000180023
0.7335 0.000180272
0.734 0.000180519
0.7345 0.000180766
0.735 0.000181012
0.7355 0.000181256
0.736 0.0001815
0.7365 0.000181743
0.737 0.000181984
0.7375 0.000182225
0.738 0.000182464
0.7385 0.000182702
0.739 0.00018294
0.7395 0.000183176
0.74 0.000183411
0.7405 0.000183645
0.741 0.000183878
0.7415 0.00018411
0.742 0.000184341
0.7425 0.000184571
0.743 0.000184799
0.7435 0.000185027
0.744 0.000185253
0.7445 0.000185478
0.745 0.000185703
0.7455 0.000185926
0.746 0.000186148
0.7465 0.000186368
0.747 0.000186588
0.7475 0.000186807
0.748 0.000187024
0.7485 0.00018724
0.749 0.000187455
0.7495 0.000187669
0.75 0.000187882
0.7505 0.000188093
0.751 0.000188304
0.7515 0.000188513
0.752 0.000188721
0.7525 0.000188928
0.753 0.000189134
0.7535 0.000189338
0.754 0.000189541
0.7545 0.000189743
0.755 0.000189944
0.7555 0.000190144
0.756 0.000190342
0.7565 0.00019054
0.757 0.000190736
0.7575 0.00019093
0.758 0.000191124
0.7585 0.000191316
0.759 0.000191507
0.7595 0.000191697
0.76 0.000191886
0.7605 0.000192073
0.761 0.000192259
0.7615 0.000192444
0.762 0.000192628
0.7625 0.00019281
0.763 0.000192991
0.7635 0.000193171
0.764 0.000193349
0.7645 0.000193526
0.765 0.000193702
0.7655 0.000193877
0.766 0.00019405
0.7665 0.000194222
0.767 0.000194393
0.7675 0.000194562
0.768 0.00019473
0.7685 0.000194897
0.769 0.000195063
0.7695 0.000195227
0.77 0.00019539
0.7705 0.000195551
0.771 0.000195711
0.7715 0.00019587
0.772 0.000196028
0.7725 0.000196184
0.773 0.000196339
0.7735 0.000196492
0.774 0.000196644
0.7745 0.000196795
0.775 0.000196944
0.7755 0.000197092
0.776 0.000197239
0.7765 0.000197385
0.777 0.000197528
0.7775 0.000197671
0.778 0.000197812
0.7785 0.000197952
0.779 0.000198091
0.7795 0.000198228
0.78 0.000198363
0.7805 0.000198498
0.781 0.00019863
0.7815 0.000198762
0.782 0.000198892
0.7825 0.000199021
0.783 0.000199148
0.7835 0.000199274
0.784 0.000199398
0.7845 0.000199521
0.785 0.000199643
0.7855 0.000199763
0.786 0.000199882
0.7865 0.000199999
0.787 0.000200115
0.7875 0.00020023
0.788 0.000200343
0.7885 0.000200454
0.789 0.000200565
0.7895 0.000200673
0.79 0.000200781
0.7905 0.000200886
0.791 0.000200991
0.7915 0.000201094
0.792 0.000201195
0.7925 0.000201295
0.793 0.000201394
0.7935 0.000201491
0.794 0.000201586
0.7945 0.000201681
0.795 0.000201773
0.7955 0.000201865
0.796 0.000201954
0.7965 0.000202043
0.797 0.000202129
0.7975 0.000202215
0.798 0.000202299
0.7985 0.000202381
0.799 0.000202462
0.7995 0.000202541
0.8 0.000202619
0.8005 0.000202695
0.801 0.00020277
0.8015 0.000202844
0.802 0.000202915
0.8025 0.000202986
0.803 0.000203055
0.8035 0.000203122
0.804 0.000203188
0.8045 0.000203252
0.805 0.000203315
0.8055 0.000203377
0.806 0.000203436
0.8065 0.000203495
0.807 0.000203551
0.8075 0.000203607
0.808 0.00020366
0.8085 0.000203713
0.809 0.000203763
0.8095 0.000203813
0.81 0.00020386
0.8105 0.000203906
0.811 0.000203951
0.8115 0.000203994
0.812 0.000204035
0.8125 0.000204075
0.813 0.000204114
0.8135 0.000204151
0.814 0.000204186
0.8145 0.00020422
0.815 0.000204252
0.8155 0.000204283
0.816 0.000204312
0.8165 0.00020434
0.817 0.000204366
0.8175 0.000204391
0.818 0.000204414
0.8185 0.000204435
0.819 0.000204455
0.8195 0.000204474
0.82 0.00020449
0.8205 0.000204506
0.821 0.000204519
0.8215 0.000204532
0.822 0.000204542
0.8225 0.000204551
0.823 0.000204559
0.8235 0.000204565
0.824 0.000204569
0.8245 0.000204572
0.825 0.000204573
0.8255 0.000204573
0.826 0.000204571
0.8265 0.000204568
0.827 0.000204563
0.8275 0.000204557
0.828 0.000204548
0.8285 0.000204539
0.829 0.000204528
0.8295 0.000204515
0.83 0.000204501
0.8305 0.000204485
0.831 0.000204467
0.8315 0.000204448
0.832 0.000204428
0.8325 0.000204406
0.833 0.000204382
0.8335 0.000204357
0.834 0.00020433
0.8345 0.000204301
0.835 0.000204271
0.8355 0.00020424
0.836 0.000204207
0.8365 0.000204172
0.837 0.000204136
0.8375 0.000204098
0.838 0.000204059
0.8385 0.000204018
0.839 0.000203976
0.8395 0.000203932
0.84 0.000203886
0.8405 0.000203839
0.841 0.00020379
0.8415 0.00020374
0.842 0.000203688
0.8425 0.000203635
0.843 0.00020358
0.8435 0.000203523
0.844 0.000203465
0.8445 0.000203406
0.845 0.000203344
0.8455 0.000203282
0.846 0.000203217
0.8465 0.000203151
0.847 0.000203084
0.8475 0.000203015
0.848 0.000202945
0.8485 0.000202873
0.849 0.000202799
0.8495 0.000202724
0.85 0.000202647
0.8505 0.000202569
0.851 0.000202489
0.8515 0.000202408
0.852 0.000202325
0.8525 0.00020224
0.853 0.000202154
0.8535 0.000202067
0.854 0.000201978
0.8545 0.000201887
0.855 0.000201795
0.8555 0.000201701
0.856 0.000201606
0.8565 0.000201509
0.857 0.000201411
0.8575 0.000201311
0.858 0.00020121
0.8585 0.000201107
0.859 0.000201002
0.8595 0.000200897
0.86 0.000200789
0.8605 0.00020068
0.861 0.00020057
0.8615 0.000200458
0.862 0.000200344
0.8625 0.000200229
0.863 0.000200112
0.8635 0.000199994
0.864 0.000199875
0.8645 0.000199753
0.865 0.000199631
0.8655 0.000199507
0.866 0.000199381
0.8665 0.000199254
0.867 0.000199125
0.8675 0.000198995
0.868 0.000198863
0.8685 0.00019873
0.869 0.000198596
0.8695 0.00019846
0.87 0.000198322
0.8705 0.000198183
0.871 0.000198042
0.8715 0.0001979
0.872 0.000197757
0.8725 0.000197612
0.873 0.000197465
0.8735 0.000197317
0.874 0.000197168
0.8745 0.000197017
0.875 0.000196865
0.8755 0.000196711
0.876 0.000196555
0.8765 0.000196399
0.877 0.00019624
0.8775 0.000196081
0.878 0.00019592
0.8785 0.000195757
0.879 0.000195593
0.8795 0.000195428
0.88 0.000195261
0.8805 0.000195092
0.881 0.000194923
0.8815 0.000194751
0.882 0.000194579
0.8825 0.000194405
0.883 0.000194229
0.8835 0.000194052
0.884 0.000193874
0.8845 0.000193694
0.885 0.000193513
0.8855 0.000193331
0.886 0.000193147
0.8865 0.000192961
0.887 0.000192774
0.8875 0.000192586
0.888 0.000192397
0.8885 0.000192206
0.889 0.000192013
0.8895 0.00019182
0.89 0.000191625
0.8905 0.000191428
0.891 0.00019123
0.8915 0.000191031
0.892 0.00019083
0.8925 0.000190629
0.893 0.000190425
0.8935 0.000190221
0.894 0.000190014
0.8945 0.000189807
0.895 0.000189598
0.8955 0.000189388
0.896 0.000189177
0.8965 0.000188964
0.897 0.00018875
0.8975 0.000188535
0.898 0.000188318
0.8985 0.0001881
0.899 0.00018788
0.8995 0.00018766
0.9 0.000187438
0.9005 0.000187214
0.901 0.00018699
0.9015 0.000186764
0.902 0.000186537
0.9025 0.000186308
0.903 0.000186078
0.9035 0.000185847
0.904 0.000185615
0.9045 0.000185381
0.905 0.000185146
0.9055 0.00018491
0.906 0.000184673
0.9065 0.000184434
0.907 0.000184194
0.9075 0.000183953
0.908 0.00018371
0.9085 0.000183467
0.909 0.000183222
0.9095 0.000182976
0.91 0.000182728
0.9105 0.00018248
0.911 0.00018223
0.9115 0.000181979
0.912 0.000181726
0.9125 0.000181473
0.913 0.000181218
0.9135 0.000180962
0.914 0.000180705
0.9145 0.000180447
0.915 0.000180187
0.9155 0.000179927
0.916 0.000179665
0.9165 0.000179402
0.917 0.000179138
0.9175 0.000178872
0.918 0.000178606
0.9185 0.000178338
0.919 0.000178069
0.9195 0.000177799
0.92 0.000177528
0.9205 0.000177256
0.921 0.000176983
0.9215 0.000176708
0.922 0.000176432
0.9225 0.000176156
0.923 0.000175878
0.9235 0.000175599
0.924 0.000175319
0.9245 0.000175038
0.925 0.000174755
0.9255 0.000174472
0.926 0.000174187
0.9265 0.000173902
0.927 0.000173615
0.9275 0.000173328
0.928 0.000173039
0.9285 0.000172749
0.929 0.000172458
0.9295 0.000172166
0.93 0.000171873
0.9305 0.000171579
0.931 0.000171284
0.9315 0.000170988
0.932 0.000170691
0.9325 0.000170393
0.933 0.000170094
0.9335 0.000169794
0.934 0.000169493
0.9345 0.000169191
0.935 0.000168888
0.9355 0.000168583
0.936 0.000168278
0.9365 0.000167972
0.937 0.000167665
0.9375 0.000167357
0.938 0.000167048
0.9385 0.000166738
0.939 0.000166428
0.9395 0.000166116
0.94 0.000165803
0.9405 0.000165489
0.941 0.000165175
0.9415 0.000164859
0.942 0.000164543
0.9425 0.000164225
0.943 0.000163907
0.9435 0.000163588
0.944 0.000163268
0.9445 0.000162947
0.945 0.000162625
0.9455 0.000162302
0.946 0.000161979
0.9465 0.000161654
0.947 0.000161329
0.9475 0.000161003
0.948 0.000160676
0.9485 0.000160348
0.949 0.000160019
0.9495 0.000159689
0.95 0.000159359
0.9505 0.000159028
0.951 0.000158696
0.9515 0.000158363
0.952 0.000158029
0.9525 0.000157695
0.953 0.00015736
0.9535 0.000157023
0.954 0.000156687
0.9545 0.000156349
0.955 0.000156011
0.9555 0.000155672
0.956 0.000155332
0.9565 0.000154991
0.957 0.00015465
0.9575 0.000154307
0.958 0.000153965
0.9585 0.000153621
0.959 0.000153277
0.9595 0.000152932
0.96 0.000152586
0.9605 0.000152239
0.961 0.000151892
0.9615 0.000151544
0.962 0.000151196
0.9625 0.000150847
0.963 0.000150497
0.9635 0.000150146
0.964 0.000149795
0.9645 0.000149443
0.965 0.00014909
0.9655 0.000148737
0.966 0.000148383
0.9665 0.000148029
0.967 0.000147674
0.9675 0.000147318
0.968 0.000146962
0.9685 0.000146605
0.969 0.000146247
0.9695 0.000145889
0.97 0.00014553
0.9705 0.000145171
0.971 0.000144811
0.9715 0.00014445
0.972 0.000144089
0.9725 0.000143728
0.973 0.000143366
0.9735 0.000143003
0.974 0.00014264
0.9745 0.000142276
0.975 0.000141911
0.9755 0.000141547
0.976 0.000141181
0.9765 0.000140815
0.977 0.000140449
0.9775 0.000140082
0.978 0.000139715
0.9785 0.000139347
0.979 0.000138978
0.9795 0.00013861
0.98 0.00013824
0.9805 0.000137871
0.981 0.0001375
0.9815 0.00013713
0.982 0.000136758
0.9825 0.000136387
0.983 0.000136015
0.9835 0.000135643
0.984 0.00013527
0.9845 0.000134896
0.985 0.000134523
0.9855 0.000134149
0.986 0.000133774
0.9865 0.000133399
0.987 0.000133024
0.9875 0.000132649
0.988 0.000132273
0.9885 0.000131896
0.989 0.00013152
0.9895 0.000131143
0.99 0.000130765
0.9905 0.000130388
0.991 0.000130009
0.9915 0.000129631
0.992 0.000129252
0.9925 0.000128873
0.993 0.000128494
0.9935 0.000128115
0.994 0.000127735
0.9945 0.000127354
0.995 0.000126974
0.9955 0.000126593
0.996 0.000126212
0.9965 0.000125831
0.997 0.000125449
0.9975 0.000125068
0.998 0.000124686
0.9985 0.000124303
0.999 0.000123921
0.9995 0.000123538
1 0.000123155
1.0005 0.000122772
1.001 0.000122389
1.0015 0.000122005
1.002 0.000121621
1.0025 0.000121237
1.003 0.000120853
1.0035 0.000120469
1.004 0.000120009
1.0045 0.000119624
1.005 0.00011924
1.0055 0.000118855
1.006 0.000118545
1.0065 0.00011816
1.007 0.000117774
1.0075 0.000117389
1.008 0.000117003
1.0085 0.000116618
1.009 0.000116232
1.0095 0.000115846
1.01 0.00011546
1.0105 0.000115074
1.011 0.000114688
1.0115 0.000114302
1.012 0.000113915
1.0125 0.000113529
1.013 0.000113142
1.0135 0.000112756
1.014 0.000112369
1.0145 0.000111983
1.015 0.000111596
1.0155 0.00011121
1.016 0.000110823
1.0165 0.000110436
1.017 0.00011005
1.0175 0.000109663
1.018 0.000109276
1.0185 0.00010889
1.019 0.000108503
1.0195 0.000108116
1.02 0.00010773
1.0205 0.000107343
1.021 0.000106957
1.0215 0.00010657
1.022 0.000106184
1.0225 0.000105797
1.023 0.000105411
1.0235 0.000105025
1.024 0.000104639
1.0245 0.000104253
1.025 0.000103867
1.0255 0.000103481
1.026 0.000103095
1.0265 0.000102709
1.027 0.000102324
1.0275 0.000101938
1.028 0.000101553
1.0285 0.000101168
1.029 0.000100783
1.0295 0.000100398
1.03 0.000100013
1.0305 9.96287e-05
1.031 9.92443e-05
1.0315 9.886e-05
1.032 9.84759e-05
1.0325 9.8092e-05
1.033 9.77083e-05
1.0335 9.73247e-05
1.034 9.69414e-05
1.0345 9.65582e-05
1.035 9.61753e-05
1.0355 9.57926e-05
1.036 9.541e-05
1.0365 9.50278e-05
1.037 9.46457e-05
1.0375 9.42639e-05
1.038 9.38823e-05
1.0385 9.3501e-05
1.039 9.31199e-05
1.0395 9.27391e-05
1.04 9.23585e-05
1.0405 9.19782e-05
1.041 9.15982e-05
1.0415 9.12185e-05
1.042 9.08391e-05
1.0425 9.04599e-05
1.043 9.00811e-05
1.0435 8.97025e-05
1.044 8.93243e-05
1.0445 8.89464e-05
1.045 8.85688e-05
1.0455 8.81915e-05
1.046 8.78145e-05
1.0465 8.74379e-05
1.047 8.70617e-05
1.0475 8.66857e-05
1.048 8.63102e-05
1.0485 8.5935e-05
1.049 8.55601e-05
1.0495 8.51856e-05
1.05 8.48115e-05
1.0505 8.44378e-05
1.051 8.40645e-05
1.0515 8.36915e-05
1.052 8.3319e-05
1.0525 8.29468e-05
1.053 8.25751e-05
1.0535 8.22038e-05
1.054 8.18329e-05
1.0545 8.14624e-05
1.055 8.10923e-05
1.0555 8.07227e-05
1.056 8.03535e-05
1.0565 7.99848e-05
1.057 7.96165e-05
1.0575 7.92486e-05
1.058 7.88812e-05
1.0585 7.85143e-05
1.059 7.81479e-05
1.0595 7.77819e-05
1.06 7.74164e-05
1.0605 7.70514e-05
1.061 7.66868e-05
1.0615 7.63228e-05
1.062 7.59593e-05
1.0625 7.55963e-05
1.063 7.52337e-05
1.0635 7.48717e-05
1.064 7.45102e-05
1.0645 7.41493e-05
1.065 7.37889e-05
1.0655 7.3429e-05
1.066 7.30696e-05
1.0665 7.27108e-05
1.067 7.23525e-05
1.0675 7.19948e-05
1.068 7.16376e-05
1.0685 7.1281e-05
1.069 7.0925e-05
1.0695 7.05696e-05
1.07 7.02147e-05
1.0705 6.98604e-05
1.071 6.95067e-05
1.0715 6.91536e-05
1.072 6.8801e-05
1.0725 6.84491e-05
1.073 6.80978e-05
1.0735 6.77471e-05
1.074 6.7397e-05
1.0745 6.70475e-05
1.075 6.66986e-05
1.0755 6.63504e-05
1.076 6.60028e-05
1.0765 6.56558e-05
1.077 6.53095e-05
1.0775 6.49638e-05
1.078 6.46188e-05
1.0785 6.42744e-05
1.079 6.39307e-05
1.0795 6.35876e-05
1.08 6.32452e-05
1.0805 6.29035e-05
1.081 6.25625e-05
1.0815 6.22221e-05
1.082 6.18824e-05
1.0825 6.15434e-05
1.083 6.12051e-05
1.0835 6.08675e-05
1.084 6.05306e-05
1.0845 6.01944e-05
1.085 5.98589e-05
1.0855 5.95241e-05
1.086 5.91901e-05
1.0865 5.88567e-05
1.087 5.85241e-05
1.0875 5.81922e-05
1.088 5.7861e-05
1.0885 5.75306e-05
1.089 5.72009e-05
1.0895 5.6872e-05
1.09 5.65438e-05
1.0905 5.62163e-05
1.091 5.58896e-05
1.0915 5.55637e-05
1.092 5.52385e-05
1.0925 5.49141e-05
1.093 5.45905e-05
1.0935 5.42677e-05
1.094 5.39456e-05
1.0945 5.36243e-05
1.095 5.33038e-05
1.0955 5.2984e-05
1.096 5.26651e-05
1.0965 5.2347e-05
1.097 5.20296e-05
1.0975 5.17131e-05
1.098 5.13974e-05
1.0985 5.10825e-05
1.099 5.07684e-05
1.0995 5.04551e-05
1.1 5.01426e-05
1.1005 4.9831e-05
1.101 4.95201e-05
1.1015 4.92102e-05
1.102 4.8901e-05
1.1025 4.85927e-05
1.103 4.82852e-05
1.1035 4.79786e-05
1.104 4.76728e-05
1.1045 4.73678e-05
1.105 4.70637e-05
1.1055 4.67605e-05
1.106 4.64581e-05
1.1065 4.61566e-05
1.107 4.5856e-05
1.1075 4.55562e-05
1.108 4.52573e-05
1.1085 4.49593e-05
1.109 4.46621e-05
1.1095 4.43658e-05
1.11 4.40705e-05
1.1105 4.37759e-05
1.111 4.34823e-05
1.1115 4.31896e-05
1.112 4.28978e-05
1.1125 4.26068e-05
1.113 4.23168e-05
1.1135 4.20277e-05
1.114 4.17394e-05
1.1145 4.14521e-05
1.115 4.11657e-05
1.1155 4.08802e-05
1.116 4.05956e-05
1.1165 4.0312e-05
1.117 4.00292e-05
1.1175 3.97474e-05
1.118 3.94665e-05
1.1185 3.91866e-05
1.119 3.89075e-05
1.1195 3.86294e-05
1.12 3.83523e-05
1.1205 3.8076e-05
1.121 3.78008e-05
1.1215 3.75264e-05
1.122 3.7253e-05
1.1225 3.69806e-05
1.123 3.67091e-05
1.1235 3.64385e-05
1.124 3.61689e-05
1.1245 3.59003e-05
1.125 3.56326e-05
1.1255 3.53659e-05
1.126 3.51002e-05
1.1265 3.48354e-05
1.127 3.45715e-05
1.1275 3.43087e-05
1.128 3.40468e-05
1.1285 3.37859e-05
1.129 3.3526e-05
1.1295 3.3267e-05
1.13 3.3009e-05
1.1305 3.2752e-05
1.131 3.2496e-05
1.1315 3.2241e-05
1.132 3.1987e-05
1.1325 3.17339e-05
1.133 3.14818e-05
1.1335 3.12308e-05
1.134 3.09807e-05
1.1345 3.07316e-05
1.135 3.04835e-05
1.1355 3.02364e-05
1.136 2.99903e-05
1.1365 2.97452e-05
1.137 2.95012e-05
1.1375 2.92581e-05
1.138 2.9016e-05
1.1385 2.87749e-05
1.139 2.85349e-05
1.1395 2.82958e-05
1.14 2.80578e-05
1.1405 2.78208e-05
1.141 2.75848e-05
1.1415 2.73498e-05
1.142 2.71158e-05
1.1425 2.68828e-05
1.143 2.66509e-05
1.1435 2.642e-05
1.144 2.61901e-05
1.1445 2.59612e-05
1.145 2.57333e-05
1.1455 2.55065e-05
1.146 2.52807e-05
1.1465 2.5056e-05
1.147 2.48322e-05
1.1475 2.46095e-05
1.148 2.43878e-05
1.1485 2.41672e-05
1.149 2.39476e-05
1.1495 2.3729e-05
1.15 2.35114e-05
1.1505 2.32949e-05
1.151 2.30794e-05
1.1515 2.2865e-05
1.152 2.26516e-05
1.1525 2.24392e-05
1.153 2.22279e-05
1.1535 2.20176e-05
1.154 2.18084e-05
1.1545 2.16002e-05
1.155 2.1393e-05
1.1555 2.11869e-05
1.156 2.09818e-05
1.1565 2.07778e-05
1.157 2.05748e-05
1.1575 2.03729e-05
1.158 2.0172e-05
1.1585 1.99721e-05
1.159 1.97733e-05
1.1595 1.95755e-05
1.16 1.93788e-05
1.1605 1.91832e-05
1.161 1.89885e-05
1.1615 1.8795e-05
1.162 1.86025e-05
1.1625 1.8411e-05
1.163 1.82206e-05
1.1635 1.80312e-05
1.164 1.78429e-05
1.1645 1.76556e-05
1.165 1.74693e-05
1.1655 1.72842e-05
1.166 1.71e-05
1.1665 1.6917e-05
1.167 1.67349e-05
1.1675 1.6554e-05
1.168 1.6374e-05
1.1685 1.61952e-05
1.169 1.60173e-05
1.1695 1.58405e-05
1.17 1.56648e-05
1.1705 1.54901e-05
1.171 1.53165e-05
1.1715 1.51439e-05
1.172 1.49724e-05
1.1725 1.48019e-05
1.173 1.46325e-05
1.1735 1.44641e-05
1.174 1.42967e-05
1.1745 1.41305e-05
1.175 1.39652e-05
1.1755 1.3801e-05
1.176 1.36379e-05
1.1765 1.34758e-05
1.177 1.33147e-05
1.1775 1.31547e-05
1.178 1.29957e-05
1.1785 1.28378e-05
1.179 1.26809e-05
1.1795 1.25251e-05
1.18 1.23703e-05
1.1805 1.22165e-05
1.181 1.20638e-05
1.1815 1.19122e-05
1.182 1.17615e-05
1.1825 1.1612e-05
1.183 1.14634e-05
1.1835 1.13159e-05
1.184 1.11694e-05
1.1845 1.1024e-05
1.185 1.08796e-05
1.1855 1.07362e-05
1.186 1.05939e-05
1.1865 1.04526e-05
1.187 1.03123e-05
1.1875 1.01731e-05
1.188 1.00349e-05
1.1885 9.89771e-06
1.189 9.76156e-06
1.1895 9.62645e-06
1.19 9.49235e-06
1.1905 9.35929e-06
1.191 9.22725e-06
1.1915 9.09623e-06
1.192 8.96624e-06
1.1925 8.83727e-06
1.193 8.70931e-06
1.1935 8.58238e-06
1.194 8.45647e-06
1.1945 8.33157e-06
1.195 8.20768e-06
1.1955 8.08482e-06
1.196 7.96296e-06
1.1965 7.84212e-06
1.197 7.72228e-06
1.1975 7.60346e-06
1.198 7.48564e-06
1.1985 7.36883e-06
1.199 7.25302e-06
1.1995 7.13822e-06
1.2 7.02442e-06
1.2005 6.91162e-06
1.201 6.79982e-06
1.2015 6.68902e-06
1.202 6.57921e-06
1.2025 6.4704e-06
1.203 6.36258e-06
1.2035 6.25576e-06
1.204 6.14992e-06
1.2045 6.04507e-06
1.205 5.94121e-06
1.2055 5.83833e-06
1.206 5.73644e-06
1.2065 5.63552e-06
1.207 5.53559e-06
1.2075 5.43664e-06
1.208 5.33866e-06
1.2085 5.24166e-06
1.209 5.14563e-06
1.2095 5.05057e-06
1.21 4.95648e-06
1.2105 4.86336e-06
1.211 4.77121e-06
1.2115 4.68001e-06
1.212 4.58978e-06
1.2125 4.50051e-06
1.213 4.4122e-06
1.2135 4.32484e-06
1.214 4.23844e-06
1.2145 4.15299e-06
1.215 4.06849e-06
1.2155 3.98494e-06
1.216 3.90234e-06
1.2165 3.82068e-06
1.217 3.73996e-06
1.2175 3.66018e-06
1.218 3.58133e-06
1.2185 3.50343e-06
1.219 3.42646e-06
1.2195 3.35041e-06
1.22 3.2753e-06
1.2205 3.20112e-06
1.221 3.12786e-06
1.2215 3.05552e-06
1.222 2.9841e-06
1.2225 2.9136e-06
1.223 2.84402e-06
1.2235 2.77535e-06
1.224 2.70759e-06
1.2245 2.64074e-06
1.225 2.57479e-06
1.2255 2.50975e-06
1.226 2.44562e-06
1.2265 2.38238e-06
1.227 2.32004e-06
1.2275 2.25859e-06
1.228 2.19803e-06
1.2285 2.13837e-06
1.229 2.07959e-06
1.2295 2.0217e-06
1.23 1.96469e-06
1.2305 1.90856e-06
1.231 1.8533e-06
1.2315 1.79892e-06
1.232 1.74541e-06
1.2325 1.69278e-06
1.233 1.64101e-06
1.2335 1.5901e-06
1.234 1.54005e-06
1.2345 1.49087e-06
1.235 1.44254e-06
1.2355 1.39506e-06
1.236 1.34844e-06
1.2365 1.30266e-06
1.237 1.25773e-06
1.2375 1.21365e-06
1.238 1.1704e-06
1.2385 1.12799e-06
1.239 1.08642e-06
1.2395 1.04568e-06
1.24 1.00576e-06
1.2405 9.66677e-07
1.241 9.28415e-07
1.2415 8.90973e-07
1.242 8.5435e-07
1.2425 8.18542e-07
1.243 7.83546e-07
1.2435 7.4936e-07
1.244 7.15981e-07
1.2445 6.83405e-07
1.245 6.5163e-07
1.2455 6.20654e-07
1.246 5.90472e-07
1.2465 5.61082e-07
1.247 5.32482e-07
1.2475 5.04668e-07
1.248 4.77637e-07
1.2485 4.51386e-07
1.249 4.25913e-07
1.2495 4.01213e-07
1.25 3.77286e-07
1.2505 3.54126e-07
1.251 3.31731e-07
1.2515 3.10099e-07
1.252 2.89226e-07
1.2525 2.69109e-07
1.253 2.49744e-07
1.2535 2.3113e-07
1.254 2.13262e-07
1.2545 1.96138e-07
1.255 1.79754e-07
1.2555 1.64108e-07
1.256 1.49196e-07
1.2565 1.35016e-07
1.257 1.21563e-07
1.2575 1.08835e-07
1.258 9.68286e-08
1.2585 8.55406e-08
1.259 7.49679e-08
1.2595 6.51072e-08
1.26 5.59554e-08
1.2605 4.75091e-08
1.261 3.97652e-08
1.2615 3.27205e-08
1.262 2.63716e-08
1.2625 2.07154e-08
1.263 1.57486e-08
1.2635 1.14678e-08
1.264 7.86991e-09
1.2645 4.95152e-09
1.265 2.70938e-09
1.2655 1.14018e-09
1.266 2.40615e-10
1.2665 7.35886e-12
1.267 4.37092e-10
1.2675 1.52648e-09
1.268 3.27219e-09
1.2685 5.67087e-09
1.269 8.71917e-09
1.2695 1.24137e-08
1.27 1.67512e-08
1.2705 2.17282e-08
1.271 2.73413e-08
1.2715 3.35871e-08
1.272 4.04624e-08
1.2725 4.79636e-08
1.273 5.60873e-08
1.2735 6.48302e-08
1.274 7.41889e-08
1.2745 8.41598e-08
1.275 9.47396e-08
1.2755 1.05925e-07
1.276 1.17712e-07
1.2765 1.30098e-07
1.277 1.43079e-07
1.2775 1.56652e-07
1.278 1.70812e-07
1.2785 1.85558e-07
1.279 2.00885e-07
1.2795 2.1679e-07
1.28 2.33269e-07
1.2805 2.50318e-07
1.281 2.67935e-07
1.2815 2.86116e-07
1.282 3.04858e-07
1.2825 3.24156e-07
1.283 3.44008e-07
1.2835 3.64409e-07
1.284 3.85357e-07
1.2845 4.06847e-07
1.285 4.28877e-07
1.2855 4.51443e-07
1.286 4.74541e-07
1.2865 4.98167e-07
1.287 5.22319e-07
1.2875 5.46993e-07
1.288 5.72185e-07
1.2885 5.97891e-07
1.289 6.24108e-07
1.2895 6.50833e-07
1.29 6.78061e-07
1.2905 7.05791e-07
1.291 7.34017e-07
1.2915 7.62736e-07
1.292 7.91945e-07
1.2925 8.2164e-07
1.293 8.51818e-07
1.2935 8.82475e-07
1.294 9.13607e-07
1.2945 9.45211e-07
1.295 9.77284e-07
1.2955 1.00982e-06
1.296 1.04282e-06
1.2965 1.07628e-06
1.297 1.11019e-06
1.2975 1.14455e-06
1.298 1.17936e-06
1.2985 1.21461e-06
1.299 1.2503e-06
1.2995 1.28642e-06
1.3 1.32298e-06
1.3005 1.35997e-06
1.301 1.39739e-06
1.3015 1.43522e-06
1.302 1.47348e-06
1.3025 1.51215e-06
1.303 1.55123e-06
1.3035 1.59072e-06
1.304 1.63061e-06
1.3045 1.6709e-06
1.305 1.71159e-06
1.3055 1.75267e-06
1.306 1.79414e-06
1.3065 1.836e-06
1.307 1.87824e-06
1.3075 1.92086e-06
1.308 1.96386e-06
1.3085 2.00723e-06
1.309 2.05096e-06
1.3095 2.09506e-06
1.31 2.13952e-06
1.3105 2.18434e-06
1.311 2.22952e-06
1.3115 2.27504e-06
1.312 2.32091e-06
1.3125 2.36713e-06
1.313 2.41368e-06
1.3135 2.46057e-06
1.314 2.50779e-06
1.3145 2.55535e-06
1.315 2.60322e-06
1.3155 2.65142e-06
1.316 2.69994e-06
1.3165 2.74878e-06
1.317 2.79792e-06
1.3175 2.84737e-06
1.318 2.89713e-06
1.3185 2.94719e-06
1.319 2.99755e-06
1.3195 3.0482e-06
1.32 3.09914e-06
1.3205 3.15036e-06
1.321 3.20187e-06
1.3215 3.25366e-06
1.322 3.30573e-06
1.3225 3.35807e-06
1.323 3.41068e-06
1.3235 3.46355e-06
1.324 3.51669e-06
1.3245 3.57009e-06
1.325 3.62374e-06
1.3255 3.67764e-06
1.326 3.73179e-06
1.3265 3.78619e-06
1.327 3.84083e-06
1.3275 3.89571e-06
1.328 3.95082e-06
1.3285 4.00616e-06
1.329 4.06173e-06
1.3295 4.11753e-06
1.33 4.17355e-06
1.3305 4.22978e-06
1.331 4.28623e-06
1.3315 4.34289e-06
1.332 4.39975e-06
1.3325 4.45682e-06
1.333 4.51409e-06
1.3335 4.57156e-06
1.334 4.62922e-06
1.3345 4.68707e-06
1.335 4.74511e-06
1.3355 4.80334e-06
1.336 4.86174e-06
1.3365 4.92032e-06
1.337 4.97907e-06
1.3375 5.038e-06
1.338 5.09709e-06
1.3385 5.15634e-06
1.339 5.21576e-06
1.3395 5.27533e-06
1.34 5.33506e-06
1.3405 5.39493e-06
1.341 5.45496e-06
1.3415 5.51512e-06
1.342 5.57543e-06
1.3425 5.63587e-06
1.343 5.69645e-06
1.3435 5.75716e-06
1.344 5.818e-06
1.3445 5.87896e-06
1.345 5.94004e-06
1.3455 6.00125e-06
1.346 6.06256e-06
1.3465 6.12399e-06
1.347 6.18552e-06
1.3475 6.24716e-06
1.348 6.3089e-06
1.3485 6.37074e-06
1.349 6.43268e-06
1.3495 6.49471e-06
1.35 6.55682e-06
1.3505 6.61903e-06
1.351 6.68131e-06
1.3515 6.74368e-06
1.352 6.80612e-06
1.3525 6.86864e-06
1.353 6.93122e-06
1.3535 6.99388e-06
1.354 7.0566e-06
1.3545 7.11938e-06
1.355 7.18221e-06
1.3555 7.24511e-06
1.356 7.30805e-06
1.3565 7.37104e-06
1.357 7.43408e-06
1.3575 7.49717e-06
1.358 7.56029e-06
1.3585 7.62345e-06
1.359 7.68664e-06
1.3595 7.74987e-06
1.36 7.81312e-06
1.3605 7.8764e-06
1.361 7.9397e-06
1.3615 8.00301e-06
1.362 8.06635e-06
1.3625 8.1297e-06
1.363 8.19305e-06
1.3635 8.25642e-06
1.364 8.31979e-06
1.3645 8.38316e-06
1.365 8.44653e-06
1.3655 8.5099e-06
1.366 8.57326e-06
1.3665 8.63661e-06
1.367 8.69995e-06
1.3675 8.76327e-06
1.368 8.82657e-06
1.3685 8.88986e-06
1.369 8.95312e-06
1.3695 9.01635e-06
1.37 9.07955e-06
1.3705 9.14272e-06
1.371 9.20586e-06
1.3715 9.26896e-06
1.372 9.33202e-06
1.3725 9.39503e-06
1.373 9.458e-06
1.3735 9.52092e-06
1.374 9.5838e-06
1.3745 9.64661e-06
1.375 9.70937e-06
1.3755 9.77207e-06
1.376 9.83471e-06
1.3765 9.89729e-06
1.377 9.9598e-06
1.3775 1.00222e-05
1.378 1.00846e-05
1.3785 1.01469e-05
1.379 1.02091e-05
1.3795 1.02712e-05
1.38 1.03333e-05
1.3805 1.03953e-05
1.381 1.04571e-05
1.3815 1.05189e-05
1.382 1.05806e-05
1.3825 1.06422e-05
1.383 1.07037e-05
1.3835 1.07651e-05
1.384 1.08264e-05
1.3845 1.08876e-05
1.385 1.09487e-05
1.3855 1.10097e-05
1.386 1.10706e-05
1.3865 1.11313e-05
1.387 1.1192e-05
1.3875 1.12525e-05
1.388 1.13129e-05
1.3885 1.13732e-05
1.389 1.14333e-05
1.3895 1.14934e-05
1.39 1.15532e-05
1.3905 1.1613e-05
1.391 1.16726e-05
1.3915 1.17321e-05
1.392 1.17915e-05
1.3925 1.18507e-05
1.393 1.19097e-05
1.3935 1.19686e-05
1.394 1.20274e-05
1.3945 1.2086e-05
1.395 1.21445e-05
1.3955 1.22028e-05
1.396 1.22609e-05
1.3965 1.23189e-05
1.397 1.23767e-05
1.3975 1.24344e-05
1.398 1.24919e-05
1.3985 1.25492e-05
1.399 1.26064e-05
1.3995 1.26634e-05
1.4 1.27202e-05
1.4005 1.27768e-05
1.401 1.28333e-05
1.4015 1.28896e-05
1.402 1.29457e-05
1.4025 1.30016e-05
1.403 1.30573e-05
1.4035 1.31128e-05
1.404 1.31682e-05
1.4045 1.32233e-05
1.405 1.32783e-05
1.4055 1.33331e-05
1.406 1.33877e-05
1.4065 1.3442e-05
1.407 1.34962e-05
1.4075 1.35502e-05
1.408 1.36039e-05
1.4085 1.36575e-05
1.409 1.37108e-05
1.4095 1.3764e-05
1.41 1.38169e-05
1.4105 1.38696e-05
1.411 1.39221e-05
1.4115 1.39744e-05
1.412 1.40265e-05
1.4125 1.40783e-05
1.413 1.41299e-05
1.4135 1.41813e-05
1.414 1.42325e-05
1.4145 1.42834e-05
1.415 1.43341e-05
1.4155 1.43846e-05
1.416 1.44349e-05
1.4165 1.44849e-05
1.417 1.45346e-05
1.4175 1.45842e-05
1.418 1.46335e-05
1.4185 1.46826e-05
1.419 1.47314e-05
1.4195 1.478e-05
1.42 1.48283e-05
1.4205 1.48764e-05
1.421 1.49242e-05
1.4215 1.49718e-05
1.422 1.50191e-05
1.4225 1.50662e-05
1.423 1.51131e-05
1.4235 1.51597e-05
1.424 1.5206e-05
1.4245 1.5252e-05
1.425 1.52979e-05
1.4255 1.53434e-05
1.426 1.53887e-05
1.4265 1.54337e-05
1.427 1.54785e-05
1.4275 1.5523e-05
1.428 1.55672e-05
1.4285 1.56111e-05
1.429 1.56548e-05
1.4295 1.56983e-05
1.43 1.57414e-05
1.4305 1.57843e-05
1.431 1.58269e-05
1.4315 1.58692e-05
1.432 1.59112e-05
1.4325 1.5953e-05
1.433 1.59945e-05
1.4335 1.60357e-05
1.434 1.60766e-05
1.4345 1.61173e-05
1.435 1.61576e-05
1.4355 1.61977e-05
1.436 1.62375e-05
1.4365 1.6277e-05
1.437 1.63162e-05
1.4375 1.63552e-05
1.438 1.63938e-05
1.4385 1.64322e-05
1.439 1.64702e-05
1.4395 1.6508e-05
1.44 1.65455e-05
1.4405 1.65826e-05
1.441 1.66195e-05
1.4415 1.66561e-05
1.442 1.66924e-05
1.4425 1.67284e-05
1.443 1.67641e-05
1.4435 1.67995e-05
1.444 1.68346e-05
1.4445 1.68694e-05
1.445 1.69039e-05
1.4455 1.6938e-05
1.446 1.69719e-05
1.4465 1.70055e-05
1.447 1.70388e-05
1.4475 1.70717e-05
1.448 1.71044e-05
1.4485 1.71367e-05
1.449 1.71688e-05
1.4495 1.72005e-05
1.45 1.72319e-05
1.4505 1.72631e-05
1.451 1.72939e-05
1.4515 1.73244e-05
1.452 1.73545e-05
1.4525 1.73844e-05
1.453 1.7414e-05
1.4535 1.74432e-05
1.454 1.74721e-05
1.4545 1.75007e-05
1.455 1.7529e-05
1.4555 1.7557e-05
1.456 1.75846e-05
1.4565 1.7612e-05
1.457 1.7639e-05
1.4575 1.76657e-05
1.458 1.76921e-05
1.4585 1.77182e-05
1.459 1.77439e-05
1.4595 1.77694e-05
1.46 1.77945e-05
1.4605 1.78192e-05
1.461 1.78437e-05
1.4615 1.78679e-05
1.462 1.78917e-05
1.4625 1.79152e-05
1.463 1.79383e-05
1.4635 1.79612e-05
1.464 1.79837e-05
1.4645 1.80059e-05
1.465 1.80278e-05
1.4655 1.80494e-05
1.466 1.80706e-05
1.4665 1.80915e-05
1.467 1.81121e-05
1.4675 1.81323e-05
1.468 1.81523e-05
1.4685 1.81719e-05
1.469 1.81912e-05
1.4695 1.82101e-05
1.47 1.82287e-05
1.4705 1.8247e-05
1.471 1.8265e-05
1.4715 1.82827e-05
1.472 1.83e-05
1.4725 1.8317e-05
1.473 1.83337e-05
1.4735 1.835e-05
1.474 1.8366e-05
1.4745 1.83817e-05
1.475 1.8397e-05
1.4755 1.84121e-05
1.476 1.84268e-05
1.4765 1.84412e-05
1.477 1.84552e-05
1.4775 1.84689e-05
1.478 1.84823e-05
1.4785 1.84954e-05
1.479 1.85081e-05
1.4795 1.85205e-05
1.48 1.85326e-05
1.4805 1.85444e-05
1.481 1.85558e-05
1.4815 1.85669e-05
1.482 1.85777e-05
1.4825 1.85881e-05
1.483 1.85983e-05
1.4835 1.86081e-05
1.484 1.86175e-05
1.4845 1.86267e-05
1.485 1.86355e-05
1.4855 1.8644e-05
1.486 1.86522e-05
1.4865 1.866e-05
1.487 1.86675e-05
1.4875 1.86747e-05
1.488 1.86816e-05
1.4885 1.86882e-05
1.489 1.86944e-05
1.4895 1.87003e-05
1.49 1.87059e-05
1.4905 1.87111e-05
1.491 1.8716e-05
1.4915 1.87207e-05
1.492 1.87249e-05
1.4925 1.87289e-05
1.493 1.87325e-05
1.4935 1.87359e-05
1.494 1.87389e-05
1.4945 1.87416e-05
1.495 1.87439e-05
1.4955 1.8746e-05
1.496 1.87477e-05
1.4965 1.87491e-05
1.497 1.87502e-05
1.4975 1.8751e-05
1.498 1.87514e-05
1.4985 1.87516e-05
1.499 1.87514e-05
1.4995 1.87509e-05
1.5 1.87501e-05
1.5005 1.87489e-05
1.501 1.87475e-05
1.5015 1.87458e-05
1.502 1.87437e-05
1.5025 1.87413e-05
1.503 1.87386e-05
1.5035 1.87356e-05
1.504 1.87323e-05
1.5045 1.87287e-05
1.505 1.87248e-05
1.5055 1.87205e-05
1.506 1.8716e-05
1.5065 1.87111e-05
1.507 1.8706e-05
1.5075 1.87005e-05
1.508 1.86947e-05
1.5085 1.86887e-05
1.509 1.86823e-05
1.5095 1.86756e-05
1.51 1.86686e-05
1.5105 1.86613e-05
1.511 1.86537e-05
1.5115 1.86458e-05
1.512 1.86376e-05
1.5125 1.86291e-05
1.513 1.86203e-05
1.5135 1.86113e-05
1.514 1.86019e-05
1.5145 1.85922e-05
1.515 1.85822e-05
1.5155 1.85719e-05
1.516 1.85614e-05
1.5165 1.85505e-05
1.517 1.85394e-05
1.5175 1.85279e-05
1.518 1.85162e-05
1.5185 1.85042e-05
1.519 1.84918e-05
1.5195 1.84792e-05
1.52 1.84663e-05
1.5205 1.84532e-05
1.521 1.84397e-05
1.5215 1.8426e-05
1.522 1.84119e-05
1.5225 1.83976e-05
1.523 1.8383e-05
1.5235 1.83682e-05
1.524 1.8353e-05
1.5245 1.83376e-05
1.525 1.83219e-05
1.5255 1.83059e-05
1.526 1.82896e-05
1.5265 1.82731e-05
1.527 1.82562e-05
1.5275 1.82392e-05
1.528 1.82218e-05
1.5285 1.82042e-05
1.529 1.81863e-05
1.5295 1.81681e-05
1.53 1.81496e-05
1.5305 1.81309e-05
1.531 1.8112e-05
1.5315 1.80927e-05
1.532 1.80732e-05
1.5325 1.80534e-05
1.533 1.80334e-05
1.5335 1.80131e-05
1.534 1.79926e-05
1.5345 1.79718e-05
1.535 1.79507e-05
1.5355 1.79294e-05
1.536 1.79078e-05
1.5365 1.78859e-05
1.537 1.78638e-05
1.5375 1.78415e-05
1.538 1.78189e-05
1.5385 1.77961e-05
1.539 1.7773e-05
1.5395 1.77496e-05
1.54 1.7726e-05
1.5405 1.77022e-05
1.541 1.76781e-05
1.5415 1.76538e-05
1.542 1.76292e-05
1.5425 1.76044e-05
1.543 1.75794e-05
1.5435 1.75541e-05
1.544 1.75286e-05
1.5445 1.75028e-05
1.545 1.74768e-05
1.5455 1.74506e-05
1.546 1.74241e-05
1.5465 1.73974e-05
1.547 1.73705e-05
1.5475 1.73433e-05
1.548 1.7316e-05
1.5485 1.72883e-05
1.549 1.72605e-05
1.5495 1.72325e-05
1.55 1.72042e-05
1.5505 1.71757e-05
1.551 1.71469e-05
1.5515 1.7118e-05
1.552 1.70888e-05
1.5525 1.70594e-05
1.553 1.70299e-05
1.5535 1.7e-05
1.554 1.697e-05
1.5545 1.69398e-05
1.555 1.69093e-05
1.5555 1.68787e-05
1.556 1.68478e-05
1.5565 1.68167e-05
1.557 1.67855e-05
1.5575 1.6754e-05
1.558 1.67223e-05
1.5585 1.66904e-05
1.559 1.66583e-05
1.5595 1.6626e-05
1.56 1.65936e-05
1.5605 1.64632e-05
1.561 1.6528e-05
1.5615 1.64949e-05
1.562 1.64617e-05
1.5625 1.64282e-05
1.563 1.63946e-05
1.5635 1.63607e-05
1.564 1.63267e-05
1.5645 1.62925e-05
1.565 1.62581e-05
1.5655 1.62236e-05
1.566 1.61888e-05
1.5665 1.61539e-05
1.567 1.61188e-05
1.5675 1.60835e-05
1.568 1.6048e-05
1.5685 1.60124e-05
1.569 1.59766e-05
1.5695 1.59406e-05
1.57 1.59044e-05
1.5705 1.58681e-05
1.571 1.58316e-05
1.5715 1.57949e-05
1.572 1.57581e-05
1.5725 1.57211e-05
1.573 1.5684e-05
1.5735 1.56466e-05
1.574 1.56092e-05
1.5745 1.55715e-05
1.575 1.55337e-05
1.5755 1.54958e-05
1.576 1.54577e-05
1.5765 1.54194e-05
1.577 1.5381e-05
1.5775 1.53425e-05
1.578 1.53038e-05
1.5785 1.52649e-05
1.579 1.52259e-05
1.5795 1.51868e-05
1.58 1.51475e-05
1.5805 1.51081e-05
1.581 1.50685e-05
1.5815 1.50288e-05
1.582 1.49889e-05
1.5825 1.4949e-05
1.583 1.49089e-05
1.5835 1.48686e-05
1.584 1.48282e-05
1.5845 1.47877e-05
1.585 1.47471e-05
1.5855 1.47063e-05
1.586 1.46654e-05
1.5865 1.46244e-05
1.587 1.45833e-05
1.5875 1.4542e-05
1.588 1.45006e-05
1.5885 1.44591e-05
1.589 1.44175e-05
1.5895 1.43757e-05
1.59 1.43339e-05
1.5905 1.42919e-05
1.591 1.42498e-05
1.5915 1.42077e-05
1.592 1.41654e-05
1.5925 1.41229e-05
1.593 1.40804e-05
1.5935 1.40378e-05
1.594 1.39951e-05
1.5945 1.39523e-05
1.595 1.39093e-05
1.5955 1.38663e-05
1.596 1.38232e-05
1.5965 1.378e-05
1.597 1.37367e-05
1.5975 1.36933e-05
1.598 1.36498e-05
1.5985 1.36062e-05
1.599 1.35625e-05
1.5995 1.35187e-05
1.6 1.34749e-05
1.6005 1.34309e-05
1.601 1.33869e-05
1.6015 1.33428e-05
1.602 1.32986e-05
1.6025 1.32543e-05
1.603 1.321e-05
1.6035 1.31656e-05
1.604 1.31211e-05
1.6045 1.30765e-05
1.605 1.30318e-05
1.6055 1.29871e-05
1.606 1.29423e-05
1.6065 1.28975e-05
1.607 1.28526e-05
1.6075 1.28076e-05
1.608 1.27625e-05
1.6085 1.27174e-05
1.609 1.26722e-05
1.6095 1.2627e-05
1.61 1.25817e-05
1.6105 1.25363e-05
1.611 1.24909e-05
1.6115 1.24454e-05
1.612 1.23999e-05
1.6125 1.23544e-05
1.613 1.23087e-05
1.6135 1.22631e-05
1.614 1.22173e-05
1.6145 1.21716e-05
1.615 1.21258e-05
1.6155 1.20799e-05
1.616 1.2034e-05
1.6165 1.19881e-05
1.617 1.19421e-05
1.6175 1.18961e-05
1.618 1.185e-05
1.6185 1.18039e-05
1.619 1.17578e-05
1.6195 1.17117e-05
1.62 1.16655e-05
1.6205 1.16193e-05
1.621 1.1573e-05
1.6215 1.15267e-05
1.622 1.14804e-05
1.6225 1.14341e-05
1.623 1.13878e-05
1.6235 1.13414e-05
1.624 1.1295e-05
1.6245 1.12486e-05
1.625 1.12021e-05
1.6255 1.11557e-05
1.626 1.11092e-05
1.6265 1.10627e-05
1.627 1.10163e-05
1.6275 1.09697e-05
1.628 1.09232e-05
1.6285 1.08767e-05
1.629 1.08302e-05
1.6295 1.07836e-05
1.63 1.07371e-05
1.6305 1.06905e-05
1.631 1.0644e-05
1.6315 1.05974e-05
1.632 1.05509e-05
1.6325 1.05043e-05
1.633 1.04578e-05
1.6335 1.04112e-05
1.634 1.03647e-05
1.6345 1.03181e-05
1.635 1.02716e-05
1.6355 1.02251e-05
1.636 1.01785e-05
1.6365 1.0132e-05
1.637 1.00855e-05
1.6375 1.00391e-05
1.638 9.99259e-06
1.6385 9.94614e-06
1.639 9.89971e-06
1.6395 9.85329e-06
1.64 9.8069e-06
1.6405 9.76052e-06
1.641 9.71416e-06
1.6415 9.66783e-06
1.642 9.62152e-06
1.6425 9.57524e-06
1.643 9.52898e-06
1.6435 9.48275e-06
1.644 9.43655e-06
1.6445 9.39038e-06
1.645 9.34423e-06
1.6455 9.29813e-06
1.646 9.25205e-06
1.6465 9.20601e-06
1.647 9.16e-06
1.6475 9.11403e-06
1.648 9.0681e-06
1.6485 9.02221e-06
1.649 8.97636e-06
1.6495 8.93054e-06
1.65 8.88477e-06
1.6505 8.83905e-06
1.651 8.79337e-06
1.6515 8.74773e-06
1.652 8.70214e-06
1.6525 8.6566e-06
1.653 8.61111e-06
1.6535 8.56566e-06
1.654 8.52027e-06
1.6545 8.47493e-06
1.655 8.42964e-06
1.6555 8.38441e-06
1.656 8.33923e-06
1.6565 8.29411e-06
1.657 8.24905e-06
1.6575 8.20404e-06
1.658 8.1591e-06
1.6585 8.11421e-06
1.659 8.06939e-06
1.6595 8.02462e-06
1.66 7.97992e-06
1.6605 7.93529e-06
1.661 7.89072e-06
1.6615 7.84622e-06
1.662 7.80179e-06
1.6625 7.75742e-06
1.663 7.71312e-06
1.6635 7.6689e-06
1.664 7.62474e-06
1.6645 7.58066e-06
1.665 7.53665e-06
1.6655 7.49272e-06
1.666 7.44886e-06
1.6665 7.40508e-06
1.667 7.36137e-06
1.6675 7.31774e-06
1.668 7.2742e-06
1.6685 7.23073e-06
1.669 7.18734e-06
1.6695 7.14403e-06
1.67 7.10081e-06
1.6705 7.05767e-06
1.671 7.01462e-06
1.6715 6.97165e-06
1.672 6.92877e-06
1.6725 6.88597e-06
1.673 6.84326e-06
1.6735 6.80064e-06
1.674 6.75811e-06
1.6745 6.71568e-06
1.675 6.67333e-06
1.6755 6.63108e-06
1.676 6.58892e-06
1.6765 6.54685e-06
1.677 6.50488e-06
1.6775 6.463e-06
1.678 6.42122e-06
1.6785 6.37954e-06
1.679 6.33795e-06
1.6795 6.29647e-06
1.68 6.25508e-06
1.6805 6.2138e-06
1.681 6.17262e-06
1.6815 6.13154e-06
1.682 6.09056e-06
1.6825 6.04968e-06
1.683 6.00891e-06
1.6835 5.96825e-06
1.684 5.92769e-06
1.6845 5.88724e-06
1.685 5.84689e-06
1.6855 5.80666e-06
1.686 5.76653e-06
1.6865 5.72651e-06
1.687 5.6866e-06
1.6875 5.64681e-06
1.688 5.60712e-06
1.6885 5.56755e-06
1.689 5.52809e-06
1.6895 5.48875e-06
1.69 5.44952e-06
1.6905 5.4104e-06
1.691 5.3714e-06
1.6915 5.33252e-06
1.692 5.29376e-06
1.6925 5.25511e-06
1.693 5.21658e-06
1.6935 5.17817e-06
1.694 5.13988e-06
1.6945 5.10171e-06
1.695 5.06366e-06
1.6955 5.02574e-06
1.696 4.98793e-06
1.6965 4.95025e-06
1.697 4.91269e-06
1.6975 4.87526e-06
1.698 4.83795e-06
1.6985 4.80077e-06
1.699 4.76371e-06
1.6995 4.72678e-06
1.7 4.68997e-06
1.7005 4.6533e-06
1.701 4.61675e-06
1.7015 4.58033e-06
1.702 4.54403e-06
1.7025 4.50787e-06
1.703 4.47184e-06
1.7035 4.43594e-06
1.704 4.40017e-06
1.7045 4.36454e-06
1.705 4.32903e-06
1.7055 4.29366e-06
1.706 4.25842e-06
1.7065 4.22331e-06
1.707 4.18834e-06
1.7075 4.15351e-06
1.708 4.11881e-06
1.7085 4.08424e-06
1.709 4.04981e-06
1.7095 4.01552e-06
1.71 3.98136e-06
1.7105 3.94734e-06
1.711 3.91346e-06
1.7115 3.87972e-06
1.712 3.84612e-06
1.7125 3.81265e-06
1.713 3.77933e-06
1.7135 3.74614e-06
1.714 3.7131e-06
1.7145 3.6802e-06
1.715 3.64743e-06
1.7155 3.61481e-06
1.716 3.58233e-06
1.7165 3.55e-06
1.717 3.5178e-06
1.7175 3.48575e-06
1.718 3.45384e-06
1.7185 3.42208e-06
1.719 3.39046e-06
1.7195 3.35898e-06
1.72 3.32765e-06
1.7205 3.29646e-06
1.721 3.26542e-06
1.7215 3.23452e-06
1.722 3.20377e-06
1.7225 3.17317e-06
1.723 3.14271e-06
1.7235 3.1124e-06
1.724 3.08224e-06
1.7245 3.05222e-06
1.725 3.02235e-06
1.7255 2.99263e-06
1.726 2.96306e-06
1.7265 2.93363e-06
1.727 2.90436e-06
1.7275 2.87523e-06
1.728 2.84625e-06
1.7285 2.81742e-06
1.729 2.78874e-06
1.7295 2.76022e-06
1.73 2.73184e-06
1.7305 2.70361e-06
1.731 2.67553e-06
1.7315 2.6476e-06
1.732 2.61982e-06
1.7325 2.59219e-06
1.733 2.56472e-06
1.7335 2.53739e-06
1.734 2.51022e-06
1.7345 2.4832e-06
1.735 2.45632e-06
1.7355 2.42961e-06
1.736 2.40304e-06
1.7365 2.37663e-06
1.737 2.35036e-06
1.7375 2.32425e-06
1.738 2.2983e-06
1.7385 2.27249e-06
1.739 2.24684e-06
1.7395 2.22134e-06
1.74 2.19599e-06
1.7405 2.1708e-06
1.741 2.14576e-06
1.7415 2.12087e-06
1.742 2.09614e-06
1.7425 2.07156e-06
1.743 2.04713e-06
1.7435 2.02286e-06
1.744 1.99874e-06
1.7445 1.97477e-06
1.745 1.95096e-06
1.7455 1.9273e-06
1.746 1.90379e-06
1.7465 1.88044e-06
1.747 1.85724e-06
1.7475 1.8342e-06
1.748 1.81131e-06
1.7485 1.78857e-06
1.749 1.76599e-06
1.7495 1.74356e-06
1.75 1.72128e-06
1.7505 1.69916e-06
1.751 1.67719e-06
1.7515 1.65538e-06
1.752 1.63371e-06
1.7525 1.61221e-06
1.753 1.59085e-06
1.7535 1.56965e-06
1.754 1.54861e-06
1.7545 1.52771e-06
1.755 1.50697e-06
1.7555 1.48638e-06
1.756 1.46595e-06
1.7565 1.44567e-06
1.757 1.42554e-06
1.7575 1.40557e-06
1.758 1.38575e-06
1.7585 1.36608e-06
1.759 1.34656e-06
1.7595 1.3272e-06
1.76 1.30799e-06
1.7605 1.28893e-06
1.761 1.27002e-06
1.7615 1.25127e-06
1.762 1.23267e-06
1.7625 1.21422e-06
1.763 1.19592e-06
1.7635 1.17777e-06
1.764 1.15977e-06
1.7645 1.14193e-06
1.765 1.12424e-06
1.7655 1.10669e-06
1.766 1.0893e-06
1.7665 1.07206e-06
1.767 1.05497e-06
1.7675 1.03803e-06
1.768 1.02124e-06
1.7685 1.0046e-06
1.769 9.88112e-07
1.7695 9.71772e-07
1.77 9.55581e-07
1.7705 9.39538e-07
1.771 9.23645e-07
1.7715 9.07901e-07
1.772 8.92305e-07
1.7725 8.76857e-07
1.773 8.61557e-07
1.7735 8.46405e-07
1.774 8.31401e-07
1.7745 8.16544e-07
1.775 8.01834e-07
1.7755 7.87271e-07
1.776 7.72855e-07
1.7765 7.58585e-07
1.777 7.44461e-07
1.7775 7.30483e-07
1.778 7.1665e-07
1.7785 7.02963e-07
1.779 6.8942e-07
1.7795 6.76023e-07
1.78 6.6277e-07
1.7805 6.49661e-07
1.781 6.36695e-07
1.7815 6.23874e-07
1.782 6.11196e-07
1.7825 5.9866e-07
1.783 5.86267e-07
1.7835 5.74017e-07
1.784 5.61909e-07
1.7845 5.49942e-07
1.785 5.38117e-07
1.7855 5.26433e-07
1.786 5.14889e-07
1.7865 5.03486e-07
1.787 4.92223e-07
1.7875 4.811e-07
1.788 4.70116e-07
1.7885 4.59271e-07
1.789 4.48565e-07
1.7895 4.37997e-07
1.79 4.27567e-07
1.7905 4.17275e-07
1.791 4.0712e-07
1.7915 3.97102e-07
1.792 3.8722e-07
1.7925 3.77475e-07
1.793 3.67865e-07
1.7935 3.58391e-07
1.794 3.49051e-07
1.7945 3.39846e-07
1.795 3.30776e-07
1.7955 3.21839e-07
1.796 3.13036e-07
1.7965 3.04365e-07
1.797 2.95828e-07
1.7975 2.87422e-07
1.798 2.79149e-07
1.7985 2.71006e-07
1.799 2.62995e-07
1.7995 2.55114e-07
1.8 2.47364e-07
1.8005 2.39743e-07
1.801 2.32251e-07
1.8015 2.24888e-07
1.802 2.17654e-07
1.8025 2.10547e-07
1.803 2.03568e-07
1.8035 1.96716e-07
1.804 1.89991e-07
1.8045 1.83392e-07
1.805 1.76919e-07
1.8055 1.70571e-07
1.806 1.64348e-07
1.8065 1.5825e-07
1.807 1.52275e-07
1.8075 1.46424e-07
1.808 1.40695e-07
1.8085 1.3509e-07
1.809 1.29606e-07
1.8095 1.24244e-07
1.81 1.19003e-07
1.8105 1.13883e-07
1.811 1.08883e-07
1.8115 1.04002e-07
1.812 9.92408e-08
1.8125 9.45982e-08
1.813 9.00738e-08
1.8135 8.56671e-08
1.814 8.13777e-08
1.8145 7.72049e-08
1.815 7.31485e-08
1.8155 6.92077e-08
1.816 6.53822e-08
1.8165 6.16714e-08
1.817 5.80747e-08
1.8175 5.45919e-08
1.818 5.12222e-08
1.8185 4.79651e-08
1.819 4.48203e-08
1.8195 4.17871e-08
1.82 3.8865e-08
1.8205 3.60535e-08
1.821 3.33521e-08
1.8215 3.07603e-08
1.822 2.82775e-08
1.8225 2.59032e-08
1.823 2.36369e-08
1.8235 2.1478e-08
1.824 1.94261e-08
1.8245 1.74805e-08
1.825 1.56407e-08
1.8255 1.39063e-08
1.826 1.22766e-08
1.8265 1.07511e-08
1.827 9.32931e-09
1.8275 8.01063e-09
1.828 6.79454e-09
1.8285 5.68049e-09
1.829 4.66792e-09
1.8295 3.75628e-09
1.83 2.94503e-09
1.8305 2.2336e-09
1.831 1.62144e-09
1.8315 1.108e-09
1.832 6.92725e-10
1.8325 3.75046e-10
1.833 1.54406e-10
1.8335 3.02443e-11
1.834 1.99792e-12
1.8345 6.9103e-11
1.835 2.30994e-10
1.8355 4.87106e-10
1.836 8.36871e-10
1.8365 1.27972e-09
1.837 1.81508e-09
1.8375 2.44239e-09
1.838 3.16107e-09
1.8385 3.97056e-09
1.839 4.87027e-09
1.8395 5.85963e-09
1.84 6.93807e-09
1.8405 8.10501e-09
1.841 9.35987e-09
1.8415 1.07021e-08
1.842 1.21311e-08
1.8425 1.36462e-08
1.843 1.5247e-08
1.8435 1.69328e-08
1.844 1.8703e-08
1.8445 2.05571e-08
1.845 2.24945e-08
1.8455 2.45146e-08
1.846 2.66168e-08
1.8465 2.88005e-08
1.847 3.10652e-08
1.8475 3.34102e-08
1.848 3.58349e-08
1.8485 3.83389e-08
1.849 4.09214e-08
1.8495 4.3582e-08
1.85 4.632e-08
1.8505 4.91348e-08
1.851 5.20258e-08
1.8515 5.49925e-08
1.852 5.80342e-08
1.8525 6.11504e-08
1.853 6.43405e-08
1.8535 6.76039e-08
1.854 7.09399e-08
1.8545 7.43481e-08
1.855 7.78278e-08
1.8555 8.13784e-08
1.856 8.49993e-08
1.8565 8.869e-08
1.857 9.24498e-08
1.8575 9.62781e-08
1.858 1.00174e-07
1.8585 1.04138e-07
1.859 1.08169e-07
1.8595 1.12265e-07
1.86 1.16427e-07
1.8605 1.20655e-07
1.861 1.24946e-07
1.8615 1.29302e-07
1.862 1.3372e-07
1.8625 1.38202e-07
1.863 1.42745e-07
1.8635 1.4735e-07
1.864 1.52015e-07
1.8645 1.56741e-07
1.865 1.61527e-07
1.8655 1.66372e-07
1.866 1.71275e-07
1.8665 1.76236e-07
1.867 1.81254e-07
1.8675 1.86329e-07
1.868 1.9146e-07
1.8685 1.96647e-07
1.869 2.01889e-07
1.8695 2.07185e-07
1.87 2.12535e-07
1.8705 2.17938e-07
1.871 2.23394e-07
1.8715 2.28901e-07
1.872 2.3446e-07
1.8725 2.4007e-07
1.873 2.45731e-07
1.8735 2.51441e-07
1.874 2.572e-07
1.8745 2.63007e-07
1.875 2.68863e-07
1.8755 2.74766e-07
1.876 2.80715e-07
1.8765 2.86711e-07
1.877 2.92753e-07
1.8775 2.98839e-07
1.878 3.0497e-07
1.8785 3.11145e-07
1.879 3.17363e-07
1.8795 3.23624e-07
1.88 3.29927e-07
1.8805 3.36272e-07
1.881 3.42657e-07
1.8815 3.49084e-07
1.882 3.5555e-07
1.8825 3.62055e-07
1.883 3.68599e-07
1.8835 3.75181e-07
1.884 3.81801e-07
1.8845 3.88458e-07
1.885 3.95151e-07
1.8855 4.0188e-07
1.886 4.08645e-07
1.8865 4.15444e-07
1.887 4.22278e-07
1.8875 4.29145e-07
1.888 4.36046e-07
1.8885 4.42979e-07
1.889 4.49944e-07
1.8895 4.5694e-07
1.89 4.63967e-07
1.8905 4.71025e-07
1.891 4.78112e-07
1.8915 4.85229e-07
1.892 4.92374e-07
1.8925 4.99548e-07
1.893 5.06749e-07
1.8935 5.13977e-07
1.894 5.21232e-07
1.8945 5.28512e-07
1.895 5.35818e-07
1.8955 5.43149e-07
1.896 5.50505e-07
1.8965 5.57884e-07
1.897 5.65286e-07
1.8975 5.72711e-07
1.898 5.80158e-07
1.8985 5.87628e-07
1.899 5.95118e-07
1.8995 6.02629e-07
1.9 6.10159e-07
1.9005 6.1771e-07
1.901 6.25279e-07
1.9015 6.32868e-07
1.902 6.40474e-07
1.9025 6.48097e-07
1.903 6.55738e-07
1.9035 6.63395e-07
1.904 6.71068e-07
1.9045 6.78756e-07
1.905 6.8646e-07
1.9055 6.94178e-07
1.906 7.01909e-07
1.9065 7.09655e-07
1.907 7.17413e-07
1.9075 7.25183e-07
1.908 7.32965e-07
1.9085 7.40759e-07
1.909 7.48564e-07
1.9095 7.56379e-07
1.91 7.64204e-07
1.9105 7.72039e-07
1.911 7.79882e-07
1.9115 7.87734e-07
1.912 7.95594e-07
1.9125 8.03461e-07
1.913 8.11336e-07
1.9135 8.19217e-07
1.914 8.27104e-07
1.9145 8.34996e-07
1.915 8.42894e-07
1.9155 8.50796e-07
1.916 8.58703e-07
1.9165 8.66613e-07
1.917 8.74526e-07
1.9175 8.82442e-07
1.918 8.90361e-07
1.9185 8.98281e-07
1.919 9.06203e-07
1.9195 9.14125e-07
1.92 9.22048e-07
1.9205 9.29971e-07
1.921 9.37894e-07
1.9215 9.45816e-07
1.922 9.53736e-07
1.9225 9.61655e-07
1.923 9.69571e-07
1.9235 9.77485e-07
1.924 9.85396e-07
1.9245 9.93303e-07
1.925 1.00121e-06
1.9255 1.00911e-06
1.926 1.017e-06
1.9265 1.02489e-06
1.927 1.03277e-06
1.9275 1.04065e-06
1.928 1.04852e-06
1.9285 1.05638e-06
1.929 1.06424e-06
1.9295 1.07209e-06
1.93 1.07993e-06
1.9305 1.08776e-06
1.931 1.09558e-06
1.9315 1.10339e-06
1.932 1.1112e-06
1.9325 1.11899e-06
1.933 1.12677e-06
1.9335 1.13455e-06
1.934 1.14231e-06
1.9345 1.15005e-06
1.935 1.15779e-06
1.9355 1.16551e-06
1.936 1.17322e-06
1.9365 1.18092e-06
1.937 1.18861e-06
1.9375 1.19628e-06
1.938 1.20393e-06
1.9385 1.21157e-06
1.939 1.2192e-06
1.9395 1.22681e-06
1.94 1.2344e-06
1.9405 1.24198e-06
1.941 1.24954e-06
1.9415 1.25708e-06
1.942 1.26461e-06
1.9425 1.27211e-06
1.943 1.2796e-06
1.9435 1.28708e-06
1.944 1.29453e-06
1.9445 1.30196e-06
1.945 1.30938e-06
1.9455 1.31677e-06
1.946 1.32415e-06
1.9465 1.3315e-06
1.947 1.33883e-06
1.9475 1.34614e-06
1.948 1.35344e-06
1.9485 1.3607e-06
1.949 1.36795e-06
1.9495 1.37517e-06
1.95 1.38237e-06
1.9505 1.38955e-06
1.951 1.39671e-06
1.9515 1.40384e-06
1.952 1.41094e-06
1.9525 1.41803e-06
1.953 1.42508e-06
1.9535 1.43212e-06
1.954 1.43912e-06
1.9545 1.44611e-06
1.955 1.45306e-06
1.9555 1.45999e-06
1.956 1.4669e-06
1.9565 1.47377e-06
1.957 1.48062e-06
1.9575 1.48744e-06
1.958 1.49424e-06
1.9585 1.50101e-06
1.959 1.50774e-06
1.9595 1.51445e-06
1.96 1.52114e-06
1.9605 1.52779e-06
1.961 1.53441e-06
1.9615 1.54101e-06
1.962 1.54757e-06
1.9625 1.5541e-06
1.963 1.56061e-06
1.9635 1.56708e-06
1.964 1.57352e-06
1.9645 1.57994e-06
1.965 1.58632e-06
1.9655 1.59267e-06
1.966 1.59898e-06
1.9665 1.60527e-06
1.967 1.61152e-06
1.9675 1.61774e-06
1.968 1.62393e-06
1.9685 1.63008e-06
1.969 1.63621e-06
1.9695 1.64229e-06
1.97 1.64835e-06
1.9705 1.65437e-06
1.971 1.66036e-06
1.9715 1.66631e-06
1.972 1.67223e-06
1.9725 1.67811e-06
1.973 1.68396e-06
1.9735 1.68977e-06
1.974 1.69555e-06
1.9745 1.7013e-06
1.975 1.707e-06
1.9755 1.71267e-06
1.976 1.71831e-06
1.9765 1.72391e-06
1.977 1.72947e-06
1.9775 1.735e-06
1.978 1.74049e-06
1.9785 1.74594e-06
1.979 1.75136e-06
1.9795 1.75673e-06
1.98 1.76207e-06
1.9805 1.76738e-06
1.981 1.77264e-06
1.9815 1.77787e-06
1.982 1.78306e-06
1.9825 1.78821e-06
1.983 1.79332e-06
1.9835 1.79839e-06
1.984 1.80343e-06
1.9845 1.80842e-06
1.985 1.81338e-06
1.9855 1.81829e-06
1.986 1.82317e-06
1.9865 1.82801e-06
1.987 1.83281e-06
1.9875 1.83757e-06
1.988 1.84229e-06
1.9885 1.84696e-06
1.989 1.8516e-06
1.9895 1.8562e-06
1.99 1.86076e-06
1.9905 1.86528e-06
1.991 1.86975e-06
1.9915 1.87419e-06
1.992 1.87858e-06
1.9925 1.88294e-06
1.993 1.88725e-06
1.9935 1.89152e-06
1.994 1.89575e-06
1.9945 1.89994e-06
1.995 1.90408e-06
1.9955 1.90819e-06
1.996 1.91225e-06
1.9965 1.91627e-06
1.997 1.92025e-06
1.9975 1.92419e-06
1.998 1.92808e-06
1.9985 1.93194e-06
1.999 1.93575e-06
1.9995 1.93951e-06
2 1.94324e-06
2.0005 1.94692e-06
2.001 1.95056e-06
2.0015 1.95416e-06
2.002 1.95772e-06
2.0025 1.96123e-06
2.003 1.9647e-06
2.0035 1.96812e-06
2.004 1.97151e-06
2.0045 1.97485e-06
2.005 1.97814e-06
2.0055 1.9814e-06
2.006 1.98461e-06
2.0065 1.98777e-06
2.007 1.9909e-06
2.0075 1.99398e-06
2.008 1.99702e-06
2.0085 2.00001e-06
2.009 2.00296e-06
2.0095 2.00586e-06
2.01 2.00873e-06
2.0105 2.01155e-06
2.011 2.01432e-06
2.0115 2.01705e-06
2.012 2.01974e-06
2.0125 2.02238e-06
2.013 2.02499e-06
2.0135 2.02754e-06
2.014 2.03005e-06
2.0145 2.03252e-06
2.015 2.03495e-06
2.0155 2.03733e-06
2.016 2.03967e-06
2.0165 2.04196e-06
2.017 2.04421e-06
2.0175 2.04642e-06
2.018 2.04858e-06
2.0185 2.05069e-06
2.019 2.05277e-06
2.0195 2.0548e-06
2.02 2.05678e-06
2.0205 2.05873e-06
2.021 2.06063e-06
2.0215 2.06248e-06
2.022 2.06429e-06
2.0225 2.06606e-06
2.023 2.06778e-06
2.0235 2.06946e-06
2.024 2.07109e-06
2.0245 2.07269e-06
2.025 2.07423e-06
2.0255 2.07574e-06
2.026 2.0772e-06
2.0265 2.07862e-06
2.027 2.07999e-06
2.0275 2.08132e-06
2.028 2.0826e-06
2.0285 2.08385e-06
2.029 2.08505e-06
2.0295 2.0862e-06
2.03 2.08731e-06
2.0305 2.08838e-06
2.031 2.08941e-06
2.0315 2.09039e-06
2.032 2.09133e-06
2.0325 2.09223e-06
2.033 2.09308e-06
2.0335 2.09389e-06
2.034 2.09466e-06
2.0345 2.09538e-06
2.035 2.09606e-06
2.0355 2.0967e-06
2.036 2.09729e-06
2.0365 2.09785e-06
2.037 2.09836e-06
2.0375 2.09882e-06
2.038 2.09925e-06
2.0385 2.09963e-06
2.039 2.09997e-06
2.0395 2.10027e-06
2.04 2.10053e-06
2.0405 2.10074e-06
2.041 2.10091e-06
2.0415 2.10104e-06
2.042 2.10113e-06
2.0425 2.10118e-06
2.043 2.10118e-06
2.0435 2.10114e-06
2.044 2.10107e-06
2.0445 2.10095e-06
2.045 2.10078e-06
2.0455 2.10058e-06
2.046 2.10034e-06
2.0465 2.10005e-06
2.047 2.09973e-06
2.0475 2.09936e-06
2.048 2.09895e-06
2.0485 2.09851e-06
2.049 2.09802e-06
2.0495 2.09749e-06
2.05 2.09692e-06
2.0505 2.09631e-06
2.051 2.09566e-06
2.0515 2.09497e-06
2.052 2.09424e-06
2.0525 2.09347e-06
2.053 2.09266e-06
2.0535 2.09181e-06
2.054 2.09092e-06
2.0545 2.09e-06
2.055 2.08903e-06
2.0555 2.08802e-06
2.056 2.08698e-06
2.0565 2.0859e-06
2.057 2.08477e-06
2.0575 2.08361e-06
2.058 2.08241e-06
2.0585 2.08117e-06
2.059 2.0799e-06
2.0595 2.07858e-06
2.06 2.07723e-06
2.0605 2.07584e-06
2.061 2.07442e-06
2.0615 2.07295e-06
2.062 2.07145e-06
2.0625 2.06991e-06
2.063 2.06833e-06
2.0635 2.06672e-06
2.064 2.06507e-06
2.0645 2.06338e-06
2.065 2.06166e-06
2.0655 2.0599e-06
2.066 2.0581e-06
2.0665 2.05627e-06
2.067 2.0544e-06
2.0675 2.05249e-06
2.068 2.05055e-06
2.0685 2.04858e-06
2.069 2.04656e-06
2.0695 2.04452e-06
2.07 2.04244e-06
2.0705 2.04032e-06
2.071 2.03817e-06
2.0715 2.03598e-06
2.072 2.03376e-06
2.0725 2.03151e-06
2.073 2.02922e-06
2.0735 2.0269e-06
2.074 2.02454e-06
2.0745 2.02215e-06
2.075 2.01973e-06
2.0755 2.01727e-06
2.076 2.01478e-06
2.0765 2.01225e-06
2.077 2.0097e-06
2.0775 2.00711e-06
2.078 2.00449e-06
2.0785 2.00183e-06
2.079 1.99915e-06
2.0795 1.99643e-06
2.08 1.99368e-06
2.0805 1.9909e-06
2.081 1.98809e-06
2.0815 1.98524e-06
2.082 1.98237e-06
2.0825 1.97946e-06
2.083 1.97652e-06
2.0835 1.97356e-06
2.084 1.97056e-06
2.0845 1.96753e-06
2.085 1.96447e-06
2.0855 1.96138e-06
2.086 1.95826e-06
2.0865 1.95512e-06
2.087 1.95194e-06
2.0875 1.94873e-06
2.088 1.9455e-06
2.0885 1.94223e-06
2.089 1.93894e-06
2.0895 1.93562e-06
2.09 1.93227e-06
2.0905 1.92889e-06
2.091 1.92549e-06
2.0915 1.92205e-06
2.092 1.91859e-06
2.0925 1.9151e-06
2.093 1.91159e-06
2.0935 1.90805e-06
2.094 1.90448e-06
2.0945 1.90088e-06
2.095 1.89726e-06
2.0955 1.89361e-06
2.096 1.88994e-06
2.0965 1.88624e-06
2.097 1.88251e-06
2.0975 1.87876e-06
2.098 1.87498e-06
2.0985 1.87118e-06
2.099 1.86735e-06
2.0995 1.8635e-06
2.1 1.85963e-06
2.1005 1.85573e-06
2.101 1.8518e-06
2.1015 1.84785e-06
2.102 1.84388e-06
2.1025 1.83988e-06
2.103 1.83587e-06
2.1035 1.83182e-06
2.104 1.82776e-06
2.1045 1.82367e-06
2.105 1.81956e-06
2.1055 1.81543e-06
2.106 1.81127e-06
2.1065 1.80709e-06
2.107 1.80289e-06
2.1075 1.79867e-06
2.108 1.79443e-06
2.1085 1.79017e-06
2.109 1.78588e-06
2.1095 1.78158e-06
2.11 1.77725e-06
2.1105 1.77291e-06
2.111 1.76854e-06
2.1115 1.76416e-06
2.112 1.75975e-06
2.1125 1.75532e-06
2.113 1.75088e-06
2.1135 1.74641e-06
2.114 1.74193e-06
2.1145 1.73743e-06
2.115 1.73291e-06
2.1155 1.72837e-06
2.116 1.72381e-06
2.1165 1.71923e-06
2.117 1.71464e-06
2.1175 1.71003e-06
2.118 1.7054e-06
2.1185 1.70075e-06
2.119 1.69609e-06
2.1195 1.69141e-06
2.12 1.68672e-06
2.1205 1.682e-06
2.121 1.67727e-06
2.1215 1.67253e-06
2.122 1.66777e-06
2.1225 1.66299e-06
2.123 1.6582e-06
2.1235 1.65339e-06
2.124 1.64857e-06
2.1245 1.64373e-06
2.125 1.63888e-06
2.1255 1.63401e-06
2.126 1.62913e-06
2.1265 1.62424e-06
2.127 1.61933e-06
2.1275 1.6144e-06
2.128 1.60947e-06
2.1285 1.60452e-06
2.129 1.59956e-06
2.1295 1.59458e-06
2.13 1.58959e-06
2.1305 1.58459e-06
2.131 1.57958e-06
2.1315 1.57455e-06
2.132 1.56952e-06
2.1325 1.56447e-06
2.133 1.55941e-06
2.1335 1.55434e-06
2.134 1.54925e-06
2.1345 1.54416e-06
2.135 1.53905e-06
2.1355 1.53394e-06
2.136 1.52881e-06
2.1365 1.52368e-06
2.137 1.51853e-06
2.1375 1.51338e-06
2.138 1.50821e-06
2.1385 1.50304e-06
2.139 1.49785e-06
2.1395 1.49266e-06
2.14 1.48746e-06
2.1405 1.48225e-06
2.141 1.47703e-06
2.1415 1.4718e-06
2.142 1.46657e-06
2.1425 1.46132e-06
2.143 1.45607e-06
2.1435 1.45082e-06
2.144 1.44555e-06
2.1445 1.44028e-06
2.145 1.435e-06
2.1455 1.42971e-06
2.146 1.42442e-06
2.1465 1.41912e-06
2.147 1.41381e-06
2.1475 1.4085e-06
2.148 1.40319e-06
2.1485 1.39786e-06
2.149 1.39253e-06
2.1495 1.3872e-06
2.15 1.38186e-06
2.1505 1.37652e-06
2.151 1.37117e-06
2.1515 1.36581e-06
2.152 1.36046e-06
2.1525 1.3551e-06
2.153 1.34973e-06
2.1535 1.34436e-06
2.154 1.33899e-06
2.1545 1.33361e-06
2.155 1.32823e-06
2.1555 1.32285e-06
2.156 1.31746e-06
2.1565 1.31207e-06
2.157 1.30668e-06
2.1575 1.30129e-06
2.158 1.29589e-06
2.1585 1.29049e-06
2.159 1.28509e-06
2.1595 1.27969e-06
2.16 1.27428e-06
2.1605 1.26888e-06
2.161 1.26347e-06
2.1615 1.25807e-06
2.162 1.25266e-06
2.1625 1.24725e-06
2.163 1.24184e-06
2.1635 1.23643e-06
2.164 1.23102e-06
2.1645 1.22561e-06
2.165 1.2202e-06
2.1655 1.21479e-06
2.166 1.20938e-06
2.1665 1.20397e-06
2.167 1.19856e-06
2.1675 1.19316e-06
2.168 1.18775e-06
2.1685 1.18235e-06
2.169 1.17694e-06
2.1695 1.17154e-06
2.17 1.16614e-06
2.1705 1.16074e-06
2.171 1.15535e-06
2.1715 1.14996e-06
2.172 1.14456e-06
2.1725 1.13918e-06
2.173 1.13379e-06
2.1735 1.12841e-06
2.174 1.12303e-06
2.1745 1.11765e-06
2.175 1.11227e-06
2.1755 1.1069e-06
2.176 1.10154e-06
2.1765 1.09617e-06
2.177 1.09082e-06
2.1775 1.08546e-06
2.178 1.08011e-06
2.1785 1.07476e-06
2.179 1.06942e-06
2.1795 1.06408e-06
2.18 1.05875e-06
2.1805 1.05342e-06
2.181 1.0481e-06
2.1815 1.04278e-06
2.182 1.03747e-06
2.1825 1.03216e-06
2.183 1.02686e-06
2.1835 1.02157e-06
2.184 1.01628e-06
2.1845 1.011e-06
2.185 1.00572e-06
2.1855 1.00045e-06
2.186 9.95183e-07
2.1865 9.89925e-07
2.187 9.84674e-07
2.1875 9.7943e-07
2.188 9.74193e-07
2.1885 9.68963e-07
2.189 9.6374e-07
2.1895 9.58524e-07
2.19 9.53316e-07
2.1905 9.48116e-07
2.191 9.42924e-07
2.1915 9.37739e-07
2.192 9.32562e-07
2.1925 9.27394e-07
2.193 9.22234e-07
2.1935 9.17082e-07
2.194 9.11938e-07
2.1945 9.06804e-07
2.195 9.01678e-07
2.1955 8.96561e-07
2.196 8.91453e-07
2.1965 8.86354e-07
2.197 8.81264e-07
2.1975 8.76184e-07
2.198 8.71113e-07
2.1985 8.66051e-07
2.199 8.61e-07
2.1995 8.55958e-07
2.2 8.50926e-07
2.2005 8.45904e-07
2.201 8.40892e-07
2.2015 8.35891e-07
2.202 8.309e-07
2.2025 8.25919e-07
2.203 8.20949e-07
2.2035 8.15989e-07
2.204 8.11041e-07
2.2045 8.06103e-07
2.205 8.01176e-07
2.2055 7.96261e-07
2.206 7.91356e-07
2.2065 7.86463e-07
2.207 7.81581e-07
2.2075 7.76711e-07
2.208 7.71852e-07
2.2085 7.67005e-07
2.209 7.6217e-07
2.2095 7.57347e-07
2.21 7.52536e-07
2.2105 7.47737e-07
2.211 7.4295e-07
2.2115 7.38175e-07
2.212 7.33412e-07
2.2125 7.28662e-07
2.213 7.23925e-07
2.2135 7.192e-07
2.214 7.14488e-07
2.2145 7.09789e-07
2.215 7.05103e-07
2.2155 7.00429e-07
2.216 6.95769e-07
2.2165 6.91122e-07
2.217 6.86488e-07
2.2175 6.81867e-07
2.218 6.7726e-07
2.2185 6.72666e-07
2.219 6.68086e-07
2.2195 6.63519e-07
2.22 6.58967e-07
2.2205 6.54427e-07
2.221 6.49902e-07
2.2215 6.45391e-07
2.222 6.40894e-07
2.2225 6.3641e-07
2.223 6.31941e-07
2.2235 6.27487e-07
2.224 6.23046e-07
2.2245 6.1862e-07
2.225 6.14208e-07
2.2255 6.09811e-07
2.226 6.05429e-07
2.2265 6.01061e-07
2.227 5.96707e-07
2.2275 5.92369e-07
2.228 5.88045e-07
2.2285 5.83737e-07
2.229 5.79443e-07
2.2295 5.75164e-07
2.23 5.709e-07
2.2305 5.66652e-07
2.231 5.62419e-07
2.2315 5.58201e-07
2.232 5.53998e-07
2.2325 5.4981e-07
2.233 5.45639e-07
2.2335 5.41482e-07
2.234 5.37341e-07
2.2345 5.33216e-07
2.235 5.29106e-07
2.2355 5.25012e-07
2.236 5.20934e-07
2.2365 5.16872e-07
2.237 5.12825e-07
2.2375 5.08794e-07
2.238 5.04779e-07
2.2385 5.00781e-07
2.239 4.96798e-07
2.2395 4.92831e-07
2.24 4.88881e-07
2.2405 4.84946e-07
2.241 4.81028e-07
2.2415 4.77126e-07
2.242 4.7324e-07
2.2425 4.69371e-07
2.243 4.65518e-07
2.2435 4.61681e-07
2.244 4.57861e-07
2.2445 4.54058e-07
2.245 4.5027e-07
2.2455 4.465e-07
2.246 4.42746e-07
2.2465 4.39008e-07
2.247 4.35287e-07
2.2475 4.31583e-07
2.248 4.27896e-07
2.2485 4.24225e-07
2.249 4.20571e-07
2.2495 4.16934e-07
2.25 4.13314e-07
2.2505 4.0971e-07
2.251 4.06123e-07
2.2515 4.02554e-07
2.252 3.99001e-07
2.2525 3.95465e-07
2.253 3.91946e-07
2.2535 3.88444e-07
2.254 3.84959e-07
2.2545 3.81491e-07
2.255 3.78041e-07
2.2555 3.74607e-07
2.256 3.7119e-07
2.2565 3.6779e-07
2.257 3.64408e-07
2.2575 3.61043e-07
2.258 3.57694e-07
2.2585 3.54363e-07
2.259 3.51049e-07
2.2595 3.47753e-07
2.26 3.44473e-07
2.2605 3.41211e-07
2.261 3.37966e-07
2.2615 3.34738e-07
2.262 3.31528e-07
2.2625 3.28334e-07
2.263 3.25158e-07
2.2635 3.21999e-07
2.264 3.18858e-07
2.2645 3.15734e-07
2.265 3.12627e-07
2.2655 3.09537e-07
2.266 3.06464e-07
2.2665 3.03409e-07
2.267 3.00371e-07
2.2675 2.97351e-07
2.268 2.94348e-07
2.2685 2.91362e-07
2.269 2.88393e-07
2.2695 2.85442e-07
2.27 2.82508e-07
2.2705 2.79591e-07
2.271 2.76691e-07
2.2715 2.73809e-07
2.272 2.70944e-07
2.2725 2.68096e-07
2.273 2.65266e-07
2.2735 2.62453e-07
2.274 2.59657e-07
2.2745 2.56878e-07
2.275 2.54116e-07
2.2755 2.51372e-07
2.276 2.48645e-07
2.2765 2.45935e-07
2.277 2.43242e-07
2.2775 2.40567e-07
2.278 2.37908e-07
2.2785 2.35267e-07
2.279 2.32643e-07
2.2795 2.30036e-07
2.28 2.27446e-07
2.2805 2.24873e-07
2.281 2.22318e-07
2.2815 2.19779e-07
2.282 2.17257e-07
2.2825 2.14753e-07
2.283 2.12265e-07
2.2835 2.09794e-07
2.284 2.07341e-07
2.2845 2.04904e-07
2.285 2.02484e-07
2.2855 2.00081e-07
2.286 1.97695e-07
2.2865 1.95326e-07
2.287 1.92973e-07
2.2875 1.90638e-07
2.288 1.88319e-07
2.2885 1.86017e-07
2.289 1.83731e-07
2.2895 1.81463e-07
2.29 1.79211e-07
2.2905 1.76975e-07
2.291 1.74756e-07
2.2915 1.72554e-07
2.292 1.70369e-07
2.2925 1.68199e-07
2.293 1.66047e-07
2.2935 1.63911e-07
2.294 1.61791e-07
2.2945 1.59688e-07
2.295 1.57601e-07
2.2955 1.5553e-07
2.296 1.53476e-07
2.2965 1.51438e-07
2.297 1.49416e-07
2.2975 1.4741e-07
2.298 1.45421e-07
2.2985 1.43447e-07
2.299 1.4149e-07
2.2995 1.39549e-07
2.3 1.37624e-07
2.3005 1.35715e-07
2.301 1.33822e-07
2.3015 1.31944e-07
2.302 1.30083e-07
2.3025 1.28237e-07
2.303 1.26407e-07
2.3035 1.24593e-07
2.304 1.22795e-07
2.3045 1.21012e-07
2.305 1.19245e-07
2.3055 1.17493e-07
2.306 1.15757e-07
2.3065 1.14037e-07
2.307 1.12332e-07
2.3075 1.10642e-07
2.308 1.08968e-07
2.3085 1.07309e-07
2.309 1.05665e-07
2.3095 1.04037e-07
2.31 1.02423e-07
2.3105 1.00825e-07
2.311 9.92421e-08
2.3115 9.76741e-08
2.312 9.61211e-08
2.3125 9.4583e-08
2.313 9.30598e-08
2.3135 9.15514e-08
2.314 9.00579e-08
2.3145 8.85791e-08
2.315 8.7115e-08
2.3155 8.56656e-08
2.316 8.42307e-08
2.3165 8.28104e-08
2.317 8.14047e-08
2.3175 8.00133e-08
2.318 7.86364e-08
2.3185 7.72738e-08
2.319 7.59255e-08
2.3195 7.45914e-08
2.32 7.32715e-08
2.3205 7.19658e-08
2.321 7.06741e-08
2.3215 6.93965e-08
2.322 6.81328e-08
2.3225 6.68831e-08
2.323 6.56472e-08
2.3235 6.44252e-08
2.324 6.32168e-08
2.3245 6.20222e-08
2.325 6.08412e-08
2.3255 5.96738e-08
2.326 5.852e-08
2.3265 5.73796e-08
2.327 5.62526e-08
2.3275 5.5139e-08
2.328 5.40387e-08
2.3285 5.29516e-08
2.329 5.18777e-08
2.3295 5.0817e-08
2.33 4.97693e-08
2.3305 4.87346e-08
2.331 4.77129e-08
2.3315 4.6704e-08
2.332 4.5708e-08
2.3325 4.47248e-08
2.333 4.37543e-08
2.3335 4.27964e-08
2.334 4.18512e-08
2.3345 4.09184e-08
2.335 3.99982e-08
2.3355 3.90903e-08
2.336 3.81948e-08
2.3365 3.73116e-08
2.337 3.64406e-08
2.3375 3.55818e-08
2.338 3.47351e-08
2.3385 3.39004e-08
2.339 3.30778e-08
2.3395 3.2267e-08
2.34 3.14681e-08
2.3405 3.0681e-08
2.341 2.99056e-08
2.3415 2.91419e-08
2.342 2.83898e-08
2.3425 2.76492e-08
2.343 2.69201e-08
2.3435 2.62024e-08
2.344 2.54961e-08
2.3445 2.48011e-08
2.345 2.41173e-08
2.3455 2.34446e-08
2.346 2.27831e-08
2.3465 2.21326e-08
2.347 2.1493e-08
2.3475 2.08644e-08
2.348 2.02466e-08
2.3485 1.96395e-08
2.349 1.90432e-08
2.3495 1.84575e-08
2.35 1.78824e-08
2.3505 1.73178e-08
2.351 1.67637e-08
2.3515 1.622e-08
2.352 1.56865e-08
2.3525 1.51634e-08
2.353 1.46504e-08
2.3535 1.41475e-08
2.354 1.36547e-08
2.3545 1.31719e-08
2.355 1.2699e-08
2.3555 1.2236e-08
2.356 1.17828e-08
2.3565 1.13393e-08
2.357 1.09055e-08
2.3575 1.04812e-08
2.358 1.00665e-08
2.3585 9.66131e-09
2.359 9.26548e-09
2.3595 8.87899e-09
2.36 8.50176e-09
2.3605 8.13374e-09
2.361 7.77485e-09
2.3615 7.42503e-09
2.362 7.08422e-09
2.3625 6.75234e-09
2.363 6.42934e-09
2.3635 6.11515e-09
2.364 5.80969e-09
2.3645 5.51291e-09
2.365 5.22474e-09
2.3655 4.94511e-09
2.366 4.67395e-09
2.3665 4.41121e-09
2.367 4.15681e-09
2.3675 3.91069e-09
2.368 3.67278e-09
2.3685 3.44301e-09
2.369 3.22133e-09
2.3695 3.00766e-09
2.37 2.80194e-09
2.3705 2.60411e-09
2.371 2.41409e-09
2.3715 2.23182e-09
2.372 2.05724e-09
2.3725 1.89027e-09
2.373 1.73087e-09
2.3735 1.57895e-09
2.374 1.43446e-09
2.3745 1.29732e-09
2.375 1.16748e-09
2.3755 1.04487e-09
2.376 9.29418e-10
2.3765 8.21066e-10
2.377 7.19748e-10
2.3775 6.25397e-10
2.378 5.3795e-10
2.3785 4.57341e-10
2.379 3.83506e-10
2.3795 3.16381e-10
2.38 2.55901e-10
2.3805 2.02002e-10
2.381 1.54619e-10
2.3815 1.13689e-10
2.382 7.91462e-11
2.3825 5.09282e-11
2.383 2.89707e-11
2.3835 1.321e-11
2.384 3.58247e-12
2.3845 2.46516e-14
2.385 2.47318e-12
2.3855 1.08648e-11
2.386 2.51365e-11
2.3865 4.52251e-11
2.387 7.10679e-11
2.3875 1.02602e-10
2.388 1.39765e-10
2.3885 1.82495e-10
2.389 2.30728e-10
2.3895 2.84403e-10
2.39 3.43459e-10
2.3905 4.07832e-10
2.391 4.77461e-10
2.3915 5.52285e-10
2.392 6.32243e-10
2.3925 7.17272e-10
2.393 8.07312e-10
2.3935 9.02302e-10
2.394 1.00218e-09
2.3945 1.10689e-09
2.395 1.21636e-09
2.3955 1.33055e-09
2.396 1.44938e-09
2.3965 1.57279e-09
2.397 1.70074e-09
2.3975 1.83315e-09
2.398 1.96998e-09
2.3985 2.11115e-09
2.399 2.25661e-09
2.3995 2.4063e-09
2.4 2.56017e-09
2.4005 2.71815e-09
2.401 2.88019e-09
2.4015 3.04622e-09
2.402 3.21619e-09
2.4025 3.39005e-09
2.403 3.56773e-09
2.4035 3.74918e-09
2.404 3.93434e-09
2.4045 4.12315e-09
2.405 4.31555e-09
2.4055 4.5115e-09
2.406 4.71093e-09
2.4065 4.91379e-09
2.407 5.12002e-09
2.4075 5.32956e-09
2.408 5.54237e-09
2.4085 5.75838e-09
2.409 5.97754e-09
2.4095 6.19979e-09
2.41 6.42509e-09
2.4105 6.65337e-09
2.411 6.88458e-09
2.4115 7.11868e-09
2.412 7.35559e-09
2.4125 7.59528e-09
2.413 7.83768e-09
2.4135 8.08275e-09
2.414 8.33043e-09
2.4145 8.58067e-09
2.415 8.83342e-09
2.4155 9.08862e-09
2.416 9.34623e-09
2.4165 9.60618e-09
2.417 9.86844e-09
2.4175 1.01329e-08
2.418 1.03996e-08
2.4185 1.06685e-08
2.419 1.09394e-08
2.4195 1.12124e-08
2.42 1.14874e-08
2.4205 1.17644e-08
2.421 1.20432e-08
2.4215 1.23239e-08
2.422 1.26064e-08
2.4225 1.28906e-08
2.423 1.31765e-08
2.4235 1.34641e-08
2.424 1.37533e-08
2.4245 1.40441e-08
2.425 1.43364e-08
2.4255 1.46301e-08
2.426 1.49253e-08
2.4265 1.52218e-08
2.427 1.55196e-08
2.4275 1.58188e-08
2.428 1.61191e-08
2.4285 1.64207e-08
2.429 1.67234e-08
2.4295 1.70272e-08
2.43 1.7332e-08
2.4305 1.76379e-08
2.431 1.79447e-08
2.4315 1.82524e-08
2.432 1.85611e-08
2.4325 1.88705e-08
2.433 1.91807e-08
2.4335 1.94917e-08
2.434 1.98034e-08
2.4345 2.01158e-08
2.435 2.04288e-08
2.4355 2.07423e-08
2.436 2.10564e-08
2.4365 2.1371e-08
2.437 2.16861e-08
2.4375 2.20015e-08
2.438 2.23174e-08
2.4385 2.26335e-08
2.439 2.295e-08
2.4395 2.32667e-08
2.44 2.35837e-08
2.4405 2.39008e-08
2.441 2.42181e-08
2.4415 2.45354e-08
2.442 2.48528e-08
2.4425 2.51703e-08
2.443 2.54877e-08
2.4435 2.58051e-08
2.444 2.61224e-08
2.4445 2.64396e-08
2.445 2.67566e-08
2.4455 2.70734e-08
2.446 2.739e-08
2.4465 2.77064e-08
2.447 2.80224e-08
2.4475 2.83381e-08
2.448 2.86534e-08
2.4485 2.89683e-08
2.449 2.92828e-08
2.4495 2.95968e-08
2.45 2.99103e-08
2.4505 3.02233e-08
2.451 3.05356e-08
2.4515 3.08474e-08
2.452 3.11586e-08
2.4525 3.1469e-08
2.453 3.17788e-08
2.4535 3.20879e-08
2.454 3.23961e-08
2.4545 3.27036e-08
2.455 3.30103e-08
2.4555 3.33161e-08
2.456 3.3621e-08
2.4565 3.3925e-08
2.457 3.42281e-08
2.4575 3.45301e-08
2.458 3.48312e-08
2.4585 3.51313e-08
2.459 3.54303e-08
2.4595 3.57282e-08
2.46 3.6025e-08
2.4605 3.63206e-08
2.461 3.66151e-08
2.4615 3.69084e-08
2.462 3.72005e-08
2.4625 3.74913e-08
2.463 3.77808e-08
2.4635 3.80691e-08
2.464 3.8356e-08
2.4645 3.86416e-08
2.465 3.89258e-08
2.4655 3.92086e-08
2.466 3.949e-08
2.4665 3.97699e-08
2.467 4.00484e-08
2.4675 4.03253e-08
2.468 4.06008e-08
2.4685 4.08747e-08
2.469 4.1147e-08
2.4695 4.14178e-08
2.47 4.16869e-08
2.4705 4.19545e-08
2.471 4.22203e-08
2.4715 4.24846e-08
2.472 4.27471e-08
2.4725 4.30079e-08
2.473 4.32669e-08
2.4735 4.35243e-08
2.474 4.37798e-08
2.4745 4.40336e-08
2.475 4.42855e-08
2.4755 4.45357e-08
2.476 4.47839e-08
2.4765 4.50303e-08
2.477 4.52749e-08
2.4775 4.55175e-08
2.478 4.57582e-08
2.4785 4.5997e-08
2.479 4.62338e-08
2.4795 4.64687e-08
2.48 4.67015e-08
2.4805 4.69324e-08
2.481 4.71612e-08
2.4815 4.73881e-08
2.482 4.76128e-08
2.4825 4.78355e-08
2.483 4.80562e-08
2.4835 4.82747e-08
2.484 4.84911e-08
2.4845 4.87054e-08
2.485 4.89176e-08
2.4855 4.91276e-08
2.486 4.93355e-08
2.4865 4.95412e-08
2.487 4.97447e-08
2.4875 4.99461e-08
2.488 5.01452e-08
2.4885 5.0342e-08
2.489 5.05367e-08
2.4895 5.07291e-08
2.49 5.09193e-08
2.4905 5.11072e-08
2.491 5.12928e-08
2.4915 5.14761e-08
2.492 5.16571e-08
2.4925 5.18358e-08
2.493 5.20123e-08
2.4935 5.21863e-08
2.494 5.23581e-08
2.4945 5.25275e-08
2.495 5.26946e-08
2.4955 5.28593e-08
2.496 5.30216e-08
2.4965 5.31815e-08
2.497 5.33391e-08
2.4975 5.34943e-08
2.498 5.36471e-08
2.4985 5.37975e-08
2.499 5.39454e-08
2.4995 5.4091e-08
