0 0
0.0005 1.11711e-42
0.001 4.57566e-39
0.0015 5.93672e-37
0.002 1.87417e-35
0.0025 2.72724e-34
0.003 2.43161e-33
0.0035 1.54614e-32
0.004 7.67619e-32
0.0045 3.15477e-31
0.005 1.11699e-30
0.0055 3.50551e-30
0.006 9.95871e-30
0.0065 2.60218e-29
0.007 6.33199e-29
0.0075 1.44906e-28
0.008 3.14351e-28
0.0085 6.50649e-28
0.009 1.29185e-27
0.0095 2.47155e-27
0.01 4.5737e-27
0.0105 8.21335e-27
0.011 1.43529e-26
0.0115 2.4467e-26
0.012 4.07718e-26
0.0125 6.65399e-26
0.013 1.06527e-25
0.0135 1.6754e-25
0.014 2.59193e-25
0.0145 3.94891e-25
0.015 5.931e-25
0.0155 8.78992e-25
0.016 1.28651e-24
0.0165 1.8608e-24
0.017 2.66224e-24
0.0175 3.76951e-24
0.018 5.28524e-24
0.0185 7.34211e-24
0.019 1.01104e-23
0.0195 1.38072e-23
0.02 1.87073e-23
0.0205 2.51571e-23
0.021 3.35897e-23
0.0215 4.45447e-23
0.022 5.86903e-23
0.0225 7.68498e-23
0.023 1.00033e-22
0.0235 1.29473e-22
0.024 1.66669e-22
0.0245 2.13436e-22
0.025 2.71963e-22
0.0255 3.44877e-22
0.026 4.35325e-22
0.0265 5.47059e-22
0.027 6.8454e-22
0.0275 8.53051e-22
0.028 1.05883e-21
0.0285 1.30923e-21
0.029 1.61287e-21
0.0295 1.97985e-21
0.03 2.42196e-21
0.0305 2.95293e-21
0.031 3.58871e-21
0.0315 4.34776e-21
0.032 5.25145e-21
0.0325 6.3244e-21
0.033 7.59495e-21
0.0335 9.09563e-21
0.034 1.08637e-20
0.0345 1.29418e-20
0.035 1.53787e-20
0.0355 1.82295e-20
0.036 2.15575e-20
0.0365 2.5434e-20
0.037 2.994e-20
0.0375 3.51671e-20
0.038 4.12186e-20
0.0385 4.82111e-20
0.039 5.62757e-20
0.0395 6.55597e-20
0.04 7.62285e-20
0.0405 8.84671e-20
0.041 1.02483e-19
0.0415 1.18507e-19
0.042 1.36798e-19
0.0425 1.57644e-19
0.043 1.81364e-19
0.0435 2.08314e-19
0.044 2.3889e-19
0.0445 2.73529e-19
0.045 3.12715e-19
0.0455 3.56985e-19
0.046 4.06932e-19
0.0465 4.63208e-19
0.047 5.26535e-19
0.0475 5.97706e-19
0.048 6.77594e-19
0.0485 7.67158e-19
0.049 8.67452e-19
0.0495 9.7963e-19
0.05 1.10496e-18
0.0505 1.24483e-18
0.051 1.40074e-18
0.0515 1.57437e-18
0.052 1.76752e-18
0.0525 1.98215e-18
0.053 2.22043e-18
0.0535 2.48468e-18
0.054 2.77747e-18
0.0545 3.10157e-18
0.055 3.45997e-18
0.0555 3.85596e-18
0.056 4.29307e-18
0.0565 4.77515e-18
0.057 5.30637e-18
0.0575 5.89123e-18
0.058 6.5346e-18
0.0585 7.24176e-18
0.059 8.01839e-18
0.0595 8.87065e-18
0.06 9.80516e-18
0.0605 1.08291e-17
0.061 1.19501e-17
0.0615 1.31765e-17
0.062 1.45172e-17
0.0625 1.59818e-17
0.063 1.75806e-17
0.0635 1.93247e-17
0.064 2.1226e-17
0.0645 2.32972e-17
0.065 2.5552e-17
0.0655 2.80052e-17
0.066 3.06723e-17
0.0665 3.35703e-17
0.067 3.6717e-17
0.0675 4.01318e-17
0.068 4.38352e-17
0.0685 4.78492e-17
0.069 5.21972e-17
0.0695 5.69044e-17
0.07 6.19974e-17
0.0705 6.75048e-17
0.071 7.34569e-17
0.0715 7.98861e-17
0.072 8.68268e-17
0.0725 9.43157e-17
0.073 1.02392e-16
0.0735 1.11097e-16
0.074 1.20475e-16
0.0745 1.30572e-16
0.075 1.41439e-16
0.0755 1.53129e-16
0.076 1.65697e-16
0.0765 1.79203e-16
0.077 1.9371e-16
0.0775 2.09286e-16
0.078 2.26e-16
0.0785 2.43928e-16
0.079 2.6315e-16
0.0795 2.83749e-16
0.08 3.05815e-16
0.0805 3.29442e-16
0.081 3.54729e-16
0.0815 3.81782e-16
0.082 4.10711e-16
0.0825 4.41635e-16
0.083 4.74676e-16
0.0835 5.09966e-16
0.084 5.47644e-16
0.0845 5.87853e-16
0.085 6.30748e-16
0.0855 6.76491e-16
0.086 7.25252e-16
0.0865 7.77211e-16
0.087 8.32557e-16
0.0875 8.91488e-16
0.088 9.54215e-16
0.0885 1.02096e-15
0.089 1.09195e-15
0.0895 1.16743e-15
0.09 1.24766e-15
0.0905 1.3329e-15
0.091 1.42345e-15
0.0915 1.51959e-15
0.092 1.62164e-15
0.0925 1.72993e-15
0.093 1.8448e-15
0.0935 1.96661e-15
0.094 2.09574e-15
0.0945 2.23258e-15
0.095 2.37755e-15
0.0955 2.5311e-15
0.096 2.69366e-15
0.0965 2.86573e-15
0.097 3.0478e-15
0.0975 3.2404e-15
0.098 3.44407e-15
0.0985 3.6594e-15
0.099 3.88697e-15
0.0995 4.12743e-15
0.1 4.38142e-15
0.1005 4.64964e-15
0.101 4.93281e-15
0.1015 5.23167e-15
0.102 5.547e-15
0.1025 5.87964e-15
0.103 6.23043e-15
0.1035 6.60027e-15
0.104 6.99008e-15
0.1045 7.40086e-15
0.105 7.8336e-15
0.1055 8.28937e-15
0.106 8.76927e-15
0.1065 9.27446e-15
0.107 9.80615e-15
0.1075 1.03656e-14
0.108 1.0954e-14
0.1085 1.15729e-14
0.109 1.22236e-14
0.1095 1.29076e-14
0.11 1.36264e-14
0.1105 1.43817e-14
0.111 1.51751e-14
0.1115 1.60083e-14
0.112 1.68831e-14
0.1125 1.78014e-14
0.113 1.87652e-14
0.1135 1.97766e-14
0.114 2.08375e-14
0.1145 2.19502e-14
0.115 2.31169e-14
0.1155 2.43402e-14
0.116 2.56223e-14
0.1165 2.69659e-14
0.117 2.83736e-14
0.1175 2.98482e-14
0.118 3.13926e-14
0.1185 3.30097e-14
0.119 3.47025e-14
0.1195 3.64744e-14
0.12 3.83287e-14
0.1205 4.02687e-14
0.121 4.2298e-14
0.1215 4.44205e-14
0.122 4.66399e-14
0.1225 4.89601e-14
0.123 5.13855e-14
0.1235 5.39201e-14
0.124 5.65686e-14
0.1245 5.93354e-14
0.125 6.22253e-14
0.1255 6.52434e-14
0.126 6.83946e-14
0.1265 7.16844e-14
0.127 7.51182e-14
0.1275 7.87016e-14
0.128 8.24405e-14
0.1285 8.63411e-14
0.129 9.04097e-14
0.1295 9.46526e-14
0.13 9.90768e-14
0.1305 1.03689e-13
0.131 1.08497e-13
0.1315 1.13507e-13
0.132 1.18728e-13
0.1325 1.24168e-13
0.133 1.29834e-13
0.1335 1.35736e-13
0.134 1.41881e-13
0.1345 1.4828e-13
0.135 1.54941e-13
0.1355 1.61875e-13
0.136 1.69091e-13
0.1365 1.76599e-13
0.137 1.84411e-13
0.1375 1.92537e-13
0.138 2.00989e-13
0.1385 2.09779e-13
0.139 2.18918e-13
0.1395 2.28419e-13
0.14 2.38295e-13
0.1405 2.4856e-13
0.141 2.59227e-13
0.1415 2.7031e-13
0.142 2.81825e-13
0.1425 2.93786e-13
0.143 3.06208e-13
0.1435 3.19108e-13
0.144 3.32502e-13
0.1445 3.46408e-13
0.145 3.60843e-13
0.1455 3.75824e-13
0.146 3.91372e-13
0.1465 4.07504e-13
0.147 4.24241e-13
0.1475 4.41603e-13
0.148 4.59611e-13
0.1485 4.78288e-13
0.149 4.97654e-13
0.1495 5.17733e-13
0.15 5.38549e-13
0.1505 5.60127e-13
0.151 5.8249e-13
0.1515 6.05665e-13
0.152 6.29678e-13
0.1525 6.54557e-13
0.153 6.8033e-13
0.1535 7.07026e-13
0.154 7.34674e-13
0.1545 7.63305e-13
0.155 7.9295e-13
0.1555 8.23642e-13
0.156 8.55414e-13
0.1565 8.883e-13
0.157 9.22335e-13
0.1575 9.57556e-13
0.158 9.93999e-13
0.1585 1.0317e-12
0.159 1.07071e-12
0.1595 1.11105e-12
0.16 1.15278e-12
0.1605 1.19593e-12
0.161 1.24055e-12
0.1615 1.28668e-12
0.162 1.33437e-12
0.1625 1.38367e-12
0.163 1.43462e-12
0.1635 1.48728e-12
0.164 1.54169e-12
0.1645 1.59791e-12
0.165 1.656e-12
0.1655 1.71601e-12
0.166 1.77799e-12
0.1665 1.842e-12
0.167 1.90811e-12
0.1675 1.97637e-12
0.168 2.04686e-12
0.1685 2.11962e-12
0.169 2.19474e-12
0.1695 2.27228e-12
0.17 2.3523e-12
0.1705 2.43489e-12
0.171 2.52011e-12
0.1715 2.60803e-12
0.172 2.69875e-12
0.1725 2.79233e-12
0.173 2.88886e-12
0.1735 2.98842e-12
0.174 3.09109e-12
0.1745 3.19697e-12
0.175 3.30614e-12
0.1755 3.4187e-12
0.176 3.53474e-12
0.1765 3.65436e-12
0.177 3.77765e-12
0.1775 3.90472e-12
0.178 4.03567e-12
0.1785 4.17061e-12
0.179 4.30964e-12
0.1795 4.45289e-12
0.18 4.60045e-12
0.1805 4.75246e-12
0.181 4.90902e-12
0.1815 5.07027e-12
0.182 5.23633e-12
0.1825 5.40732e-12
0.183 5.58338e-12
0.1835 5.76465e-12
0.184 5.95126e-12
0.1845 6.14335e-12
0.185 6.34107e-12
0.1855 6.54456e-12
0.186 6.75398e-12
0.1865 6.96949e-12
0.187 7.19123e-12
0.1875 7.41937e-12
0.188 7.65409e-12
0.1885 7.89554e-12
0.189 8.1439e-12
0.1895 8.39936e-12
0.19 8.66208e-12
0.1905 8.93226e-12
0.191 9.21008e-12
0.1915 9.49575e-12
0.192 9.78945e-12
0.1925 1.00914e-11
0.193 1.04018e-11
0.1935 1.07208e-11
0.194 1.10488e-11
0.1945 1.13858e-11
0.195 1.17321e-11
0.1955 1.20881e-11
0.196 1.24538e-11
0.1965 1.28295e-11
0.197 1.32155e-11
0.1975 1.36121e-11
0.198 1.40194e-11
0.1985 1.44378e-11
0.199 1.48675e-11
0.1995 1.53088e-11
0.2 1.5762e-11
0.2005 1.62274e-11
0.201 1.67052e-11
0.2015 1.71957e-11
0.202 1.76994e-11
0.2025 1.82164e-11
0.203 1.8747e-11
0.2035 1.92917e-11
0.204 1.98508e-11
0.2045 2.04245e-11
0.205 2.10133e-11
0.2055 2.16174e-11
0.206 2.22373e-11
0.2065 2.28733e-11
0.207 2.35257e-11
0.2075 2.41951e-11
0.208 2.48817e-11
0.2085 2.55859e-11
0.209 2.63082e-11
0.2095 2.7049e-11
0.21 2.78087e-11
0.2105 2.85877e-11
0.211 2.93864e-11
0.2115 3.02054e-11
0.212 3.10451e-11
0.2125 3.19059e-11
0.213 3.27884e-11
0.2135 3.36929e-11
0.214 3.462e-11
0.2145 3.55703e-11
0.215 3.65441e-11
0.2155 3.75421e-11
0.216 3.85648e-11
0.2165 3.96127e-11
0.217 4.06864e-11
0.2175 4.17865e-11
0.218 4.29135e-11
0.2185 4.4068e-11
0.219 4.52506e-11
0.2195 4.64619e-11
0.22 4.77026e-11
0.2205 4.89733e-11
0.221 5.02746e-11
0.2215 5.16072e-11
0.222 5.29718e-11
0.2225 5.4369e-11
0.223 5.57996e-11
0.2235 5.72643e-11
0.224 5.87637e-11
0.2245 6.02987e-11
0.225 6.18699e-11
0.2255 6.34782e-11
0.226 6.51243e-11
0.2265 6.68091e-11
0.227 6.85332e-11
0.2275 7.02977e-11
0.228 7.21032e-11
0.2285 7.39506e-11
0.229 7.58409e-11
0.2295 7.77748e-11
0.23 7.97534e-11
0.2305 8.17775e-11
0.231 8.3848e-11
0.2315 8.5966e-11
0.232 8.81323e-11
0.2325 9.0348e-11
0.233 9.2614e-11
0.2335 9.49314e-11
0.234 9.73013e-11
0.2345 9.97246e-11
0.235 1.02202e-10
0.2355 1.04736e-10
0.236 1.07326e-10
0.2365 1.09974e-10
0.237 1.12682e-10
0.2375 1.15449e-10
0.238 1.18278e-10
0.2385 1.2117e-10
0.239 1.24125e-10
0.2395 1.27146e-10
0.24 1.30233e-10
0.2405 1.33387e-10
0.241 1.36611e-10
0.2415 1.39905e-10
0.242 1.43271e-10
0.2425 1.4671e-10
0.243 1.50223e-10
0.2435 1.53813e-10
0.244 1.5748e-10
0.2445 1.61226e-10
0.245 1.65052e-10
0.2455 1.68961e-10
0.246 1.72953e-10
0.2465 1.7703e-10
0.247 1.81194e-10
0.2475 1.85446e-10
0.248 1.89789e-10
0.2485 1.94223e-10
0.249 1.98751e-10
0.2495 2.03374e-10
0.25 2.08094e-10
0.2505 2.12913e-10
0.251 2.17832e-10
0.2515 2.22854e-10
0.252 2.27981e-10
0.2525 2.33214e-10
0.253 2.38556e-10
0.2535 2.44008e-10
0.254 2.49572e-10
0.2545 2.55251e-10
0.255 2.61046e-10
0.2555 2.6696e-10
0.256 2.72995e-10
0.2565 2.79153e-10
0.257 2.85436e-10
0.2575 2.91846e-10
0.258 2.98387e-10
0.2585 3.05059e-10
0.259 3.11867e-10
0.2595 3.18811e-10
0.26 3.25894e-10
0.2605 3.3312e-10
0.261 3.4049e-10
0.2615 3.48006e-10
0.262 3.55673e-10
0.2625 3.63491e-10
0.263 3.71465e-10
0.2635 3.79596e-10
0.264 3.87888e-10
0.2645 3.96342e-10
0.265 4.04963e-10
0.2655 4.13753e-10
0.266 4.22714e-10
0.2665 4.31851e-10
0.267 4.41165e-10
0.2675 4.5066e-10
0.268 4.60339e-10
0.2685 4.70206e-10
0.269 4.80263e-10
0.2695 4.90514e-10
0.27 5.00961e-10
0.2705 5.11609e-10
0.271 5.22461e-10
0.2715 5.3352e-10
0.272 5.4479e-10
0.2725 5.56274e-10
0.273 5.67976e-10
0.2735 5.799e-10
0.274 5.92049e-10
0.2745 6.04427e-10
0.275 6.17037e-10
0.2755 6.29885e-10
0.276 6.42973e-10
0.2765 6.56306e-10
0.277 6.69888e-10
0.2775 6.83722e-10
0.278 6.97814e-10
0.2785 7.12167e-10
0.279 7.26785e-10
0.2795 7.41673e-10
0.28 7.56836e-10
0.2805 7.72277e-10
0.281 7.88002e-10
0.2815 8.04014e-10
0.282 8.20319e-10
0.2825 8.36921e-10
0.283 8.53826e-10
0.2835 8.71037e-10
0.284 8.8856e-10
0.2845 9.064e-10
0.285 9.24562e-10
0.2855 9.43051e-10
0.286 9.61872e-10
0.2865 9.81031e-10
0.287 1.00053e-09
0.2875 1.02038e-09
0.288 1.04059e-09
0.2885 1.06115e-09
0.289 1.08208e-09
0.2895 1.10338e-09
0.29 1.12505e-09
0.2905 1.14711e-09
0.291 1.16955e-09
0.2915 1.19239e-09
0.292 1.21563e-09
0.2925 1.23928e-09
0.293 1.26334e-09
0.2935 1.28782e-09
0.294 1.31273e-09
0.2945 1.33807e-09
0.295 1.36384e-09
0.2955 1.39007e-09
0.296 1.41674e-09
0.2965 1.44388e-09
0.297 1.47148e-09
0.2975 1.49955e-09
0.298 1.5281e-09
0.2985 1.55715e-09
0.299 1.58668e-09
0.2995 1.61672e-09
0.3 1.64727e-09
0.3005 1.67834e-09
0.301 1.70993e-09
0.3015 1.74206e-09
0.302 1.77473e-09
0.3025 1.80794e-09
0.303 1.84172e-09
0.3035 1.87606e-09
0.304 1.91097e-09
0.3045 1.94647e-09
0.305 1.98255e-09
0.3055 2.01924e-09
0.306 2.05654e-09
0.3065 2.09445e-09
0.307 2.13299e-09
0.3075 2.17216e-09
0.308 2.21198e-09
0.3085 2.25245e-09
0.309 2.29358e-09
0.3095 2.33539e-09
0.31 2.37788e-09
0.3105 2.42106e-09
0.311 2.46495e-09
0.3115 2.50954e-09
0.312 2.55486e-09
0.3125 2.60091e-09
0.313 2.64771e-09
0.3135 2.69525e-09
0.314 2.74357e-09
0.3145 2.79265e-09
0.315 2.84253e-09
0.3155 2.8932e-09
0.316 2.94468e-09
0.3165 2.99697e-09
0.317 3.0501e-09
0.3175 3.10407e-09
0.318 3.1589e-09
0.3185 3.21459e-09
0.319 3.27116e-09
0.3195 3.32862e-09
0.32 3.38698e-09
0.3205 3.44625e-09
0.321 3.50646e-09
0.3215 3.5676e-09
0.322 3.6297e-09
0.3225 3.69276e-09
0.323 3.7568e-09
0.3235 3.82184e-09
0.324 3.88788e-09
0.3245 3.95494e-09
0.325 4.02303e-09
0.3255 4.09217e-09
0.326 4.16237e-09
0.3265 4.23365e-09
0.327 4.30602e-09
0.3275 4.37949e-09
0.328 4.45408e-09
0.3285 4.52981e-09
0.329 4.60668e-09
0.3295 4.68472e-09
0.33 4.76395e-09
0.3305 4.84436e-09
0.331 4.92599e-09
0.3315 5.00884e-09
0.332 5.09294e-09
0.3325 5.1783e-09
0.333 5.26494e-09
0.3335 5.35286e-09
0.334 5.4421e-09
0.3345 5.53267e-09
0.335 5.62457e-09
0.3355 5.71784e-09
0.336 5.81249e-09
0.3365 5.90854e-09
0.337 6.006e-09
0.3375 6.1049e-09
0.338 6.20524e-09
0.3385 6.30706e-09
0.339 6.41036e-09
0.3395 6.51518e-09
0.34 6.62152e-09
0.3405 6.7294e-09
0.341 6.83886e-09
0.3415 6.94989e-09
0.342 7.06254e-09
0.3425 7.17681e-09
0.343 7.29273e-09
0.3435 7.41031e-09
0.344 7.52958e-09
0.3445 7.65057e-09
0.345 7.77328e-09
0.3455 7.89774e-09
0.346 8.02398e-09
0.3465 8.15201e-09
0.347 8.28187e-09
0.3475 8.41356e-09
0.348 8.54712e-09
0.3485 8.68256e-09
0.349 8.81991e-09
0.3495 8.95919e-09
0.35 9.10043e-09
0.3505 9.24365e-09
0.351 9.38888e-09
0.3515 9.53613e-09
0.352 9.68544e-09
0.3525 9.83683e-09
0.353 9.99032e-09
0.3535 1.01459e-08
0.354 1.03037e-08
0.3545 1.04637e-08
0.355 1.06258e-08
0.3555 1.07902e-08
0.356 1.09569e-08
0.3565 1.11258e-08
0.357 1.1297e-08
0.3575 1.14706e-08
0.358 1.16466e-08
0.3585 1.1825e-08
0.359 1.20057e-08
0.3595 1.2189e-08
0.36 1.23747e-08
0.3605 1.25629e-08
0.361 1.27537e-08
0.3615 1.2947e-08
0.362 1.3143e-08
0.3625 1.33416e-08
0.363 1.35428e-08
0.3635 1.37467e-08
0.364 1.39534e-08
0.3645 1.41628e-08
0.365 1.4375e-08
0.3655 1.459e-08
0.366 1.48079e-08
0.3665 1.50286e-08
0.367 1.52523e-08
0.3675 1.54789e-08
0.368 1.57085e-08
0.3685 1.59411e-08
0.369 1.61768e-08
0.3695 1.64156e-08
0.37 1.66574e-08
0.3705 1.69025e-08
0.371 1.71507e-08
0.3715 1.74022e-08
0.372 1.76569e-08
0.3725 1.79149e-08
0.373 1.81763e-08
0.3735 1.8441e-08
0.374 1.87092e-08
0.3745 1.89808e-08
0.375 1.92559e-08
0.3755 1.95345e-08
0.376 1.98167e-08
0.3765 2.01025e-08
0.377 2.03919e-08
0.3775 2.0685e-08
0.378 2.09819e-08
0.3785 2.12825e-08
0.379 2.15869e-08
0.3795 2.18952e-08
0.38 2.22074e-08
0.3805 2.25235e-08
0.381 2.28436e-08
0.3815 2.31677e-08
0.382 2.34958e-08
0.3825 2.38281e-08
0.383 2.41645e-08
0.3835 2.45051e-08
0.384 2.485e-08
0.3845 2.51991e-08
0.385 2.55526e-08
0.3855 2.59105e-08
0.386 2.62727e-08
0.3865 2.66395e-08
0.387 2.70108e-08
0.3875 2.73866e-08
0.388 2.7767e-08
0.3885 2.81522e-08
0.389 2.8542e-08
0.3895 2.89366e-08
0.39 2.9336e-08
0.3905 2.97402e-08
0.391 3.01494e-08
0.3915 3.05635e-08
0.392 3.09827e-08
0.3925 3.14069e-08
0.393 3.18362e-08
0.3935 3.22707e-08
0.394 3.27104e-08
0.3945 3.31555e-08
0.395 3.36058e-08
0.3955 3.40615e-08
0.396 3.45227e-08
0.3965 3.49894e-08
0.397 3.54616e-08
0.3975 3.59395e-08
0.398 3.6423e-08
0.3985 3.69122e-08
0.399 3.74072e-08
0.3995 3.79081e-08
0.4 3.84149e-08
0.4005 3.89276e-08
0.401 3.94463e-08
0.4015 3.99711e-08
0.402 4.05021e-08
0.4025 4.10393e-08
0.403 4.15827e-08
0.4035 4.21325e-08
0.404 4.26886e-08
0.4045 4.32512e-08
0.405 4.38203e-08
0.4055 4.4396e-08
0.406 4.49784e-08
0.4065 4.55674e-08
0.407 4.61632e-08
0.4075 4.67659e-08
0.408 4.73755e-08
0.4085 4.7992e-08
0.409 4.86157e-08
0.4095 4.92464e-08
0.41 4.98843e-08
0.4105 5.05294e-08
0.411 5.11819e-08
0.4115 5.18417e-08
0.412 5.25091e-08
0.4125 5.31839e-08
0.413 5.38664e-08
0.4135 5.45565e-08
0.414 5.52544e-08
0.4145 5.59602e-08
0.415 5.66738e-08
0.4155 5.73954e-08
0.416 5.81251e-08
0.4165 5.88628e-08
0.417 5.96088e-08
0.4175 6.03631e-08
0.418 6.11257e-08
0.4185 6.18968e-08
0.419 6.26764e-08
0.4195 6.34646e-08
0.42 6.42614e-08
0.4205 6.5067e-08
0.421 6.58815e-08
0.4215 6.67049e-08
0.422 6.75373e-08
0.4225 6.83787e-08
0.423 6.92294e-08
0.4235 7.00893e-08
0.424 7.09585e-08
0.4245 7.18372e-08
0.425 7.27253e-08
0.4255 7.36231e-08
0.426 7.45306e-08
0.4265 7.54478e-08
0.427 7.63749e-08
0.4275 7.73119e-08
0.428 7.8259e-08
0.4285 7.92162e-08
0.429 8.01837e-08
0.4295 8.11614e-08
0.43 8.21496e-08
0.4305 8.31483e-08
0.431 8.41575e-08
0.4315 8.51775e-08
0.432 8.62082e-08
0.4325 8.72499e-08
0.433 8.83025e-08
0.4335 8.93662e-08
0.434 9.0441e-08
0.4345 9.15271e-08
0.435 9.26246e-08
0.4355 9.37336e-08
0.436 9.48541e-08
0.4365 9.59863e-08
0.437 9.71303e-08
0.4375 9.82862e-08
0.438 9.9454e-08
0.4385 1.00634e-07
0.439 1.01826e-07
0.4395 1.0303e-07
0.44 1.04247e-07
0.4405 1.05477e-07
0.441 1.06719e-07
0.4415 1.07973e-07
0.442 1.09241e-07
0.4425 1.10521e-07
0.443 1.11815e-07
0.4435 1.13121e-07
0.444 1.14441e-07
0.4445 1.15774e-07
0.445 1.17121e-07
0.4455 1.18482e-07
0.446 1.19856e-07
0.4465 1.21244e-07
0.447 1.22646e-07
0.4475 1.24062e-07
0.448 1.25492e-07
0.4485 1.26937e-07
0.449 1.28396e-07
0.4495 1.29869e-07
0.45 1.31357e-07
0.4505 1.3286e-07
0.451 1.34378e-07
0.4515 1.35911e-07
0.452 1.3746e-07
0.4525 1.39023e-07
0.453 1.40602e-07
0.4535 1.42196e-07
0.454 1.43806e-07
0.4545 1.45432e-07
0.455 1.47074e-07
0.4555 1.48732e-07
0.456 1.50406e-07
0.4565 1.52096e-07
0.457 1.53803e-07
0.4575 1.55526e-07
0.458 1.57267e-07
0.4585 1.59023e-07
0.459 1.60797e-07
0.4595 1.62589e-07
0.46 1.64397e-07
0.4605 1.66223e-07
0.461 1.68066e-07
0.4615 1.69927e-07
0.462 1.71805e-07
0.4625 1.73702e-07
0.463 1.75617e-07
0.4635 1.7755e-07
0.464 1.79501e-07
0.4645 1.81471e-07
0.465 1.8346e-07
0.4655 1.85467e-07
0.466 1.87494e-07
0.4665 1.89539e-07
0.467 1.91604e-07
0.4675 1.93688e-07
0.468 1.95792e-07
0.4685 1.97915e-07
0.469 2.00058e-07
0.4695 2.02222e-07
0.47 2.04405e-07
0.4705 2.06609e-07
0.471 2.08833e-07
0.4715 2.11078e-07
0.472 2.13344e-07
0.4725 2.1563e-07
0.473 2.17938e-07
0.4735 2.20267e-07
0.474 2.22618e-07
0.4745 2.2499e-07
0.475 2.27383e-07
0.4755 2.29799e-07
0.476 2.32237e-07
0.4765 2.34697e-07
0.477 2.37179e-07
0.4775 2.39684e-07
0.478 2.42212e-07
0.4785 2.44762e-07
0.479 2.47336e-07
0.4795 2.49933e-07
0.48 2.52554e-07
0.4805 2.55197e-07
0.481 2.57865e-07
0.4815 2.60557e-07
0.482 2.63273e-07
0.4825 2.66013e-07
0.483 2.68777e-07
0.4835 2.71567e-07
0.484 2.74381e-07
0.4845 2.7722e-07
0.485 2.80084e-07
0.4855 2.82974e-07
0.486 2.85889e-07
0.4865 2.8883e-07
0.487 2.91797e-07
0.4875 2.9479e-07
0.488 2.97809e-07
0.4885 3.00855e-07
0.489 3.03927e-07
0.4895 3.07026e-07
0.49 3.10153e-07
0.4905 3.13306e-07
0.491 3.16487e-07
0.4915 3.19696e-07
0.492 3.22932e-07
0.4925 3.26196e-07
0.493 3.29489e-07
0.4935 3.3281e-07
0.494 3.3616e-07
0.4945 3.39538e-07
0.495 3.42945e-07
0.4955 3.46382e-07
0.496 3.49848e-07
0.4965 3.53344e-07
0.497 3.56869e-07
0.4975 3.60425e-07
0.498 3.6401e-07
0.4985 3.67626e-07
0.499 3.71273e-07
0.4995 3.74951e-07
0.5 3.78659e-07
0.5005 3.82399e-07
0.501 3.86171e-07
0.5015 3.89974e-07
0.502 3.93809e-07
0.5025 3.97676e-07
0.503 4.01575e-07
0.5035 4.05507e-07
0.504 4.09472e-07
0.5045 4.13469e-07
0.505 4.175e-07
0.5055 4.21565e-07
0.506 4.25663e-07
0.5065 4.29794e-07
0.507 4.3396e-07
0.5075 4.38161e-07
0.508 4.42395e-07
0.5085 4.46665e-07
0.509 4.50969e-07
0.5095 4.55309e-07
0.51 4.59684e-07
0.5105 4.64095e-07
0.511 4.68542e-07
0.5115 4.73025e-07
0.512 4.77544e-07
0.5125 4.821e-07
0.513 4.86693e-07
0.5135 4.91323e-07
0.514 4.9599e-07
0.5145 5.00694e-07
0.515 5.05437e-07
0.5155 5.10217e-07
0.516 5.15036e-07
0.5165 5.19894e-07
0.517 5.2479e-07
0.5175 5.29725e-07
0.518 5.34699e-07
0.5185 5.39713e-07
0.519 5.44767e-07
0.5195 5.49861e-07
0.52 5.54994e-07
0.5205 5.60169e-07
0.521 5.65384e-07
0.5215 5.7064e-07
0.522 5.75938e-07
0.5225 5.81276e-07
0.523 5.86657e-07
0.5235 5.9208e-07
0.524 5.97545e-07
0.5245 6.03052e-07
0.525 6.08603e-07
0.5255 6.14196e-07
0.526 6.19833e-07
0.5265 6.25513e-07
0.527 6.31237e-07
0.5275 6.37006e-07
0.528 6.42818e-07
0.5285 6.48676e-07
0.529 6.54578e-07
0.5295 6.60525e-07
0.53 6.66518e-07
0.5305 6.72557e-07
0.531 6.78641e-07
0.5315 6.84772e-07
0.532 6.90949e-07
0.5325 6.97174e-07
0.533 7.03445e-07
0.5335 7.09764e-07
0.534 7.1613e-07
0.5345 7.22544e-07
0.535 7.29007e-07
0.5355 7.35518e-07
0.536 7.42077e-07
0.5365 7.48686e-07
0.537 7.55344e-07
0.5375 7.62052e-07
0.538 7.6881e-07
0.5385 7.75617e-07
0.539 7.82476e-07
0.5395 7.89385e-07
0.54 7.96345e-07
0.5405 8.03357e-07
0.541 8.1042e-07
0.5415 8.17535e-07
0.542 8.24702e-07
0.5425 8.31922e-07
0.543 8.39195e-07
0.5435 8.46521e-07
0.544 8.539e-07
0.5445 8.61333e-07
0.545 8.6882e-07
0.5455 8.76361e-07
0.546 8.83957e-07
0.5465 8.91608e-07
0.547 8.99314e-07
0.5475 9.07075e-07
0.548 9.14893e-07
0.5485 9.22766e-07
0.549 9.30696e-07
0.5495 9.38683e-07
0.55 9.46727e-07
0.5505 9.54828e-07
0.551 9.62987e-07
0.5515 9.71204e-07
0.552 9.79479e-07
0.5525 9.87813e-07
0.553 9.96206e-07
0.5535 1.00466e-06
0.554 1.01317e-06
0.5545 1.02174e-06
0.555 1.03037e-06
0.5555 1.03906e-06
0.556 1.04782e-06
0.5565 1.05663e-06
0.557 1.06551e-06
0.5575 1.07445e-06
0.558 1.08345e-06
0.5585 1.09251e-06
0.559 1.10163e-06
0.5595 1.11082e-06
0.56 1.12007e-06
0.5605 1.12939e-06
0.561 1.13877e-06
0.5615 1.14821e-06
0.562 1.15772e-06
0.5625 1.16729e-06
0.563 1.17693e-06
0.5635 1.18664e-06
0.564 1.19641e-06
0.5645 1.20625e-06
0.565 1.21615e-06
0.5655 1.22612e-06
0.566 1.23616e-06
0.5665 1.24627e-06
0.567 1.25644e-06
0.5675 1.26669e-06
0.568 1.277e-06
0.5685 1.28738e-06
0.569 1.29783e-06
0.5695 1.30835e-06
0.57 1.31894e-06
0.5705 1.32961e-06
0.571 1.34034e-06
0.5715 1.35114e-06
0.572 1.36202e-06
0.5725 1.37296e-06
0.573 1.38398e-06
0.5735 1.39508e-06
0.574 1.40624e-06
0.5745 1.41748e-06
0.575 1.42879e-06
0.5755 1.44018e-06
0.576 1.45164e-06
0.5765 1.46318e-06
0.577 1.47479e-06
0.5775 1.48647e-06
0.578 1.49823e-06
0.5785 1.51007e-06
0.579 1.52199e-06
0.5795 1.53398e-06
0.58 1.54605e-06
0.5805 1.55819e-06
0.581 1.57042e-06
0.5815 1.58272e-06
0.582 1.5951e-06
0.5825 1.60756e-06
0.583 1.62011e-06
0.5835 1.63273e-06
0.584 1.64543e-06
0.5845 1.65821e-06
0.585 1.67107e-06
0.5855 1.68401e-06
0.586 1.69704e-06
0.5865 1.71014e-06
0.587 1.72333e-06
0.5875 1.73661e-06
0.588 1.74996e-06
0.5885 1.7634e-06
0.589 1.77692e-06
0.5895 1.79053e-06
0.59 1.80422e-06
0.5905 1.818e-06
0.591 1.83186e-06
0.5915 1.84581e-06
0.592 1.85984e-06
0.5925 1.87397e-06
0.593 1.88817e-06
0.5935 1.90247e-06
0.594 1.91685e-06
0.5945 1.93132e-06
0.595 1.94588e-06
0.5955 1.96053e-06
0.596 1.97527e-06
0.5965 1.9901e-06
0.597 2.00501e-06
0.5975 2.02002e-06
0.598 2.03512e-06
0.5985 2.05031e-06
0.599 2.06559e-06
0.5995 2.08096e-06
0.6 2.09643e-06
0.6005 2.11199e-06
0.601 2.12764e-06
0.6015 2.14338e-06
0.602 2.15922e-06
0.6025 2.17515e-06
0.603 2.19118e-06
0.6035 2.2073e-06
0.604 2.22352e-06
0.6045 2.23983e-06
0.605 2.25624e-06
0.6055 2.27275e-06
0.606 2.28935e-06
0.6065 2.30606e-06
0.607 2.32285e-06
0.6075 2.33975e-06
0.608 2.35675e-06
0.6085 2.37384e-06
0.609 2.39104e-06
0.6095 2.40833e-06
0.61 2.42572e-06
0.6105 2.44322e-06
0.611 2.46081e-06
0.6115 2.47851e-06
0.612 2.49631e-06
0.6125 2.51421e-06
0.613 2.53221e-06
0.6135 2.55032e-06
0.614 2.56853e-06
0.6145 2.58684e-06
0.615 2.60526e-06
0.6155 2.62378e-06
0.616 2.64241e-06
0.6165 2.66114e-06
0.617 2.67998e-06
0.6175 2.69892e-06
0.618 2.71797e-06
0.6185 2.73713e-06
0.619 2.7564e-06
0.6195 2.77577e-06
0.62 2.79525e-06
0.6205 2.81484e-06
0.621 2.83454e-06
0.6215 2.85435e-06
0.622 2.87426e-06
0.6225 2.89429e-06
0.623 2.91443e-06
0.6235 2.93468e-06
0.624 2.95504e-06
0.6245 2.97551e-06
0.625 2.9961e-06
0.6255 3.0168e-06
0.626 3.03761e-06
0.6265 3.05853e-06
0.627 3.07957e-06
0.6275 3.10072e-06
0.628 3.12199e-06
0.6285 3.14337e-06
0.629 3.16487e-06
0.6295 3.18648e-06
0.63 3.20821e-06
0.6305 3.23005e-06
0.631 3.25202e-06
0.6315 3.2741e-06
0.632 3.2963e-06
0.6325 3.31861e-06
0.633 3.34105e-06
0.6335 3.3636e-06
0.634 3.38628e-06
0.6345 3.40907e-06
0.635 3.43198e-06
0.6355 3.45502e-06
0.636 3.47817e-06
0.6365 3.50145e-06
0.637 3.52485e-06
0.6375 3.54837e-06
0.638 3.57202e-06
0.6385 3.59578e-06
0.639 3.61968e-06
0.6395 3.64369e-06
0.64 3.66783e-06
0.6405 3.69209e-06
0.641 3.71648e-06
0.6415 3.741e-06
0.642 3.76564e-06
0.6425 3.79041e-06
0.643 3.8153e-06
0.6435 3.84032e-06
0.644 3.86547e-06
0.6445 3.89075e-06
0.645 3.91615e-06
0.6455 3.94168e-06
0.646 3.96735e-06
0.6465 3.99314e-06
0.647 4.01906e-06
0.6475 4.04511e-06
0.648 4.0713e-06
0.6485 4.09761e-06
0.649 4.12406e-06
0.6495 4.15064e-06
0.65 4.17735e-06
0.6505 4.20419e-06
0.651 4.23117e-06
0.6515 4.25828e-06
0.652 4.28552e-06
0.6525 4.3129e-06
0.653 4.34041e-06
0.6535 4.36806e-06
0.654 4.39585e-06
0.6545 4.42377e-06
0.655 4.45182e-06
0.6555 4.48001e-06
0.656 4.50834e-06
0.6565 4.53681e-06
0.657 4.56542e-06
0.6575 4.59416e-06
0.658 4.62304e-06
0.6585 4.65206e-06
0.659 4.68122e-06
0.6595 4.71052e-06
0.66 4.73997e-06
0.6605 4.76955e-06
0.661 4.79927e-06
0.6615 4.82913e-06
0.662 4.85914e-06
0.6625 4.88929e-06
0.663 4.91958e-06
0.6635 4.95001e-06
0.664 4.98059e-06
0.6645 5.01131e-06
0.665 5.04217e-06
0.6655 5.07318e-06
0.666 5.10433e-06
0.6665 5.13563e-06
0.667 5.16708e-06
0.6675 5.19867e-06
0.668 5.2304e-06
0.6685 5.26229e-06
0.669 5.29432e-06
0.6695 5.32649e-06
0.67 5.35882e-06
0.6705 5.39129e-06
0.671 5.42392e-06
0.6715 5.45669e-06
0.672 5.48961e-06
0.6725 5.52268e-06
0.673 5.5559e-06
0.6735 5.58927e-06
0.674 5.62279e-06
0.6745 5.65647e-06
0.675 5.69029e-06
0.6755 5.72427e-06
0.676 5.7584e-06
0.6765 5.79268e-06
0.677 5.82711e-06
0.6775 5.8617e-06
0.678 5.89644e-06
0.6785 5.93133e-06
0.679 5.96638e-06
0.6795 6.00159e-06
0.68 6.03695e-06
0.6805 6.07246e-06
0.681 6.10813e-06
0.6815 6.14396e-06
0.682 6.17994e-06
0.6825 6.21608e-06
0.683 6.25238e-06
0.6835 6.28884e-06
0.684 6.32545e-06
0.6845 6.36222e-06
0.685 6.39915e-06
0.6855 6.43624e-06
0.686 6.47349e-06
0.6865 6.5109e-06
0.687 6.54846e-06
0.6875 6.58619e-06
0.688 6.62408e-06
0.6885 6.66213e-06
0.689 6.70034e-06
0.6895 6.73871e-06
0.69 6.77724e-06
0.6905 6.81594e-06
0.691 6.8548e-06
0.6915 6.89382e-06
0.692 6.93301e-06
0.6925 6.97235e-06
0.693 7.01187e-06
0.6935 7.05154e-06
0.694 7.09138e-06
0.6945 7.13139e-06
0.695 7.17156e-06
0.6955 7.2119e-06
0.696 7.2524e-06
0.6965 7.29307e-06
0.697 7.3339e-06
0.6975 7.3749e-06
0.698 7.41607e-06
0.6985 7.45741e-06
0.699 7.49891e-06
0.6995 7.54058e-06
0.7 7.58242e-06
0.7005 7.62443e-06
0.701 7.6666e-06
0.7015 7.70895e-06
0.702 7.75146e-06
0.7025 7.79415e-06
0.703 7.837e-06
0.7035 7.88003e-06
0.704 7.92322e-06
0.7045 7.96659e-06
0.705 8.01012e-06
0.7055 8.05383e-06
0.706 8.09771e-06
0.7065 8.14176e-06
0.707 8.18599e-06
0.7075 8.23038e-06
0.708 8.27495e-06
0.7085 8.31969e-06
0.709 8.36461e-06
0.7095 8.4097e-06
0.71 8.45496e-06
0.7105 8.5004e-06
0.711 8.54601e-06
0.7115 8.59179e-06
0.712 8.63775e-06
0.7125 8.68389e-06
0.713 8.7302e-06
0.7135 8.77669e-06
0.714 8.82335e-06
0.7145 8.87019e-06
0.715 8.9172e-06
0.7155 8.96439e-06
0.716 9.01176e-06
0.7165 9.0593e-06
0.717 9.10703e-06
0.7175 9.15493e-06
0.718 9.203e-06
0.7185 9.25126e-06
0.719 9.29969e-06
0.7195 9.3483e-06
0.72 9.39709e-06
0.7205 9.44606e-06
0.721 9.49521e-06
0.7215 9.54454e-06
0.722 9.59404e-06
0.7225 9.64373e-06
0.723 9.69359e-06
0.7235 9.74364e-06
0.724 9.79387e-06
0.7245 9.84427e-06
0.725 9.89486e-06
0.7255 9.94563e-06
0.726 9.99658e-06
0.7265 1.00477e-05
0.727 1.0099e-05
0.7275 1.01505e-05
0.728 1.02022e-05
0.7285 1.02541e-05
0.729 1.03061e-05
0.7295 1.03583e-05
0.73 1.04107e-05
0.7305 1.04633e-05
0.731 1.05161e-05
0.7315 1.0569e-05
0.732 1.06222e-05
0.7325 1.06755e-05
0.733 1.0729e-05
0.7335 1.07827e-05
0.734 1.08366e-05
0.7345 1.08906e-05
0.735 1.09448e-05
0.7355 1.09993e-05
0.736 1.10539e-05
0.7365 1.11087e-05
0.737 1.11637e-05
0.7375 1.12188e-05
0.738 1.12742e-05
0.7385 1.13297e-05
0.739 1.13854e-05
0.7395 1.14413e-05
0.74 1.14974e-05
0.7405 1.15537e-05
0.741 1.16101e-05
0.7415 1.16668e-05
0.742 1.17236e-05
0.7425 1.17806e-05
0.743 1.18378e-05
0.7435 1.18952e-05
0.744 1.19528e-05
0.7445 1.20106e-05
0.745 1.20685e-05
0.7455 1.21267e-05
0.746 1.2185e-05
0.7465 1.22435e-05
0.747 1.23022e-05
0.7475 1.23611e-05
0.748 1.24202e-05
0.7485 1.24794e-05
0.749 1.25389e-05
0.7495 1.25985e-05
0.75 1.26583e-05
0.7505 1.27183e-05
0.751 1.27785e-05
0.7515 1.28389e-05
0.752 1.28995e-05
0.7525 1.29602e-05
0.753 1.30212e-05
0.7535 1.30823e-05
0.754 1.31436e-05
0.7545 1.32051e-05
0.755 1.32668e-05
0.7555 1.33287e-05
0.756 1.33908e-05
0.7565 1.34531e-05
0.757 1.35155e-05
0.7575 1.35782e-05
0.758 1.3641e-05
0.7585 1.3704e-05
0.759 1.37672e-05
0.7595 1.38306e-05
0.76 1.38942e-05
0.7605 1.39579e-05
0.761 1.40219e-05
0.7615 1.4086e-05
0.762 1.41504e-05
0.7625 1.42149e-05
0.763 1.42796e-05
0.7635 1.43445e-05
0.764 1.44096e-05
0.7645 1.44748e-05
0.765 1.45403e-05
0.7655 1.4606e-05
0.766 1.46718e-05
0.7665 1.47378e-05
0.767 1.4804e-05
0.7675 1.48704e-05
0.768 1.4937e-05
0.7685 1.50038e-05
0.769 1.50708e-05
0.7695 1.51379e-05
0.77 1.52052e-05
0.7705 1.52728e-05
0.771 1.53405e-05
0.7715 1.54084e-05
0.772 1.54765e-05
0.7725 1.55447e-05
0.773 1.56132e-05
0.7735 1.56819e-05
0.774 1.57507e-05
0.7745 1.58197e-05
0.775 1.58889e-05
0.7755 1.59583e-05
0.776 1.60279e-05
0.7765 1.60977e-05
0.777 1.61676e-05
0.7775 1.62378e-05
0.778 1.63081e-05
0.7785 1.63786e-05
0.779 1.64493e-05
0.7795 1.65202e-05
0.78 1.65913e-05
0.7805 1.66625e-05
0.781 1.6734e-05
0.7815 1.68056e-05
0.782 1.68774e-05
0.7825 1.69494e-05
0.783 1.70216e-05
0.7835 1.7094e-05
0.784 1.71665e-05
0.7845 1.72392e-05
0.785 1.73122e-05
0.7855 1.73853e-05
0.786 1.74586e-05
0.7865 1.7532e-05
0.787 1.76057e-05
0.7875 1.76795e-05
0.788 1.77535e-05
0.7885 1.78277e-05
0.789 1.79021e-05
0.7895 1.79767e-05
0.79 1.80515e-05
0.7905 1.81264e-05
0.791 1.82015e-05
0.7915 1.82768e-05
0.792 1.83523e-05
0.7925 1.84279e-05
0.793 1.85038e-05
0.7935 1.85798e-05
0.794 1.8656e-05
0.7945 1.87324e-05
0.795 1.8809e-05
0.7955 1.88857e-05
0.796 1.89626e-05
0.7965 1.90397e-05
0.797 1.9117e-05
0.7975 1.91945e-05
0.798 1.92721e-05
0.7985 1.93499e-05
0.799 1.94279e-05
0.7995 1.95061e-05
0.8 1.95844e-05
0.8005 1.9663e-05
0.801 1.97417e-05
0.8015 1.98206e-05
0.802 1.98996e-05
0.8025 1.99789e-05
0.803 2.00583e-05
0.8035 2.01378e-05
0.804 2.02176e-05
0.8045 2.02975e-05
0.805 2.03777e-05
0.8055 2.04579e-05
0.806 2.05384e-05
0.8065 2.0619e-05
0.807 2.06998e-05
0.8075 2.07808e-05
0.808 2.0862e-05
0.8085 2.09433e-05
0.809 2.10248e-05
0.8095 2.11065e-05
0.81 2.11883e-05
0.8105 2.12703e-05
0.811 2.13525e-05
0.8115 2.14348e-05
0.812 2.15173e-05
0.8125 2.16e-05
0.813 2.16829e-05
0.8135 2.17659e-05
0.814 2.18491e-05
0.8145 2.19325e-05
0.815 2.2016e-05
0.8155 2.20997e-05
0.816 2.21836e-05
0.8165 2.22676e-05
0.817 2.23518e-05
0.8175 2.24361e-05
0.818 2.25207e-05
0.8185 2.26054e-05
0.819 2.26902e-05
0.8195 2.27752e-05
0.82 2.28604e-05
0.8205 2.29458e-05
0.821 2.30313e-05
0.8215 2.31169e-05
0.822 2.32028e-05
0.8225 2.32888e-05
0.823 2.33749e-05
0.8235 2.34612e-05
0.824 2.35477e-05
0.8245 2.36343e-05
0.825 2.37211e-05
0.8255 2.38081e-05
0.826 2.38952e-05
0.8265 2.39824e-05
0.827 2.40698e-05
0.8275 2.41574e-05
0.828 2.42452e-05
0.8285 2.4333e-05
0.829 2.44211e-05
0.8295 2.45093e-05
0.83 2.45976e-05
0.8305 2.46861e-05
0.831 2.47748e-05
0.8315 2.48636e-05
0.832 2.49526e-05
0.8325 2.50417e-05
0.833 2.51309e-05
0.8335 2.52203e-05
0.834 2.53099e-05
0.8345 2.53996e-05
0.835 2.54895e-05
0.8355 2.55795e-05
0.836 2.56696e-05
0.8365 2.57599e-05
0.837 2.58504e-05
0.8375 2.5941e-05
0.838 2.60317e-05
0.8385 2.61226e-05
0.839 2.62136e-05
0.8395 2.63048e-05
0.84 2.63961e-05
0.8405 2.64876e-05
0.841 2.65791e-05
0.8415 2.66709e-05
0.842 2.67628e-05
0.8425 2.68548e-05
0.843 2.69469e-05
0.8435 2.70392e-05
0.844 2.71317e-05
0.8445 2.72242e-05
0.845 2.73169e-05
0.8455 2.74098e-05
0.846 2.75028e-05
0.8465 2.75959e-05
0.847 2.76891e-05
0.8475 2.77825e-05
0.848 2.7876e-05
0.8485 2.79696e-05
0.849 2.80634e-05
0.8495 2.81573e-05
0.85 2.82514e-05
0.8505 2.83455e-05
0.851 2.84398e-05
0.8515 2.85342e-05
0.852 2.86288e-05
0.8525 2.87235e-05
0.853 2.88183e-05
0.8535 2.89132e-05
0.854 2.90082e-05
0.8545 2.91034e-05
0.855 2.91987e-05
0.8555 2.92941e-05
0.856 2.93897e-05
0.8565 2.94853e-05
0.857 2.95811e-05
0.8575 2.9677e-05
0.858 2.97731e-05
0.8585 2.98692e-05
0.859 2.99655e-05
0.8595 3.00618e-05
0.86 3.01583e-05
0.8605 3.02549e-05
0.861 3.03516e-05
0.8615 3.04485e-05
0.862 3.05454e-05
0.8625 3.06425e-05
0.863 3.07396e-05
0.8635 3.08369e-05
0.864 3.09343e-05
0.8645 3.10318e-05
0.865 3.11294e-05
0.8655 3.12271e-05
0.866 3.13249e-05
0.8665 3.14229e-05
0.867 3.15209e-05
0.8675 3.1619e-05
0.868 3.17173e-05
0.8685 3.18156e-05
0.869 3.1914e-05
0.8695 3.20126e-05
0.87 3.21112e-05
0.8705 3.221e-05
0.871 3.23088e-05
0.8715 3.24077e-05
0.872 3.25068e-05
0.8725 3.26059e-05
0.873 3.27051e-05
0.8735 3.28044e-05
0.874 3.29039e-05
0.8745 3.30034e-05
0.875 3.3103e-05
0.8755 3.32026e-05
0.876 3.33024e-05
0.8765 3.34023e-05
0.877 3.35022e-05
0.8775 3.36023e-05
0.878 3.37024e-05
0.8785 3.38026e-05
0.879 3.39029e-05
0.8795 3.40033e-05
0.88 3.41038e-05
0.8805 3.42043e-05
0.881 3.43049e-05
0.8815 3.44056e-05
0.882 3.45064e-05
0.8825 3.46073e-05
0.883 3.47082e-05
0.8835 3.48093e-05
0.884 3.49103e-05
0.8845 3.50115e-05
0.885 3.51128e-05
0.8855 3.52141e-05
0.886 3.53155e-05
0.8865 3.54169e-05
0.887 3.55184e-05
0.8875 3.562e-05
0.888 3.57217e-05
0.8885 3.58234e-05
0.889 3.59252e-05
0.8895 3.60271e-05
0.89 3.6129e-05
0.8905 3.6231e-05
0.891 3.63331e-05
0.8915 3.64352e-05
0.892 3.65373e-05
0.8925 3.66396e-05
0.893 3.67419e-05
0.8935 3.68442e-05
0.894 3.69466e-05
0.8945 3.70491e-05
0.895 3.71516e-05
0.8955 3.72542e-05
0.896 3.73568e-05
0.8965 3.74595e-05
0.897 3.75622e-05
0.8975 3.76649e-05
0.898 3.77678e-05
0.8985 3.78706e-05
0.899 3.79735e-05
0.8995 3.80765e-05
0.9 3.81795e-05
0.9005 3.82826e-05
0.901 3.83856e-05
0.9015 3.84888e-05
0.902 3.85919e-05
0.9025 3.86951e-05
0.903 3.87984e-05
0.9035 3.89017e-05
0.904 3.9005e-05
0.9045 3.91083e-05
0.905 3.92117e-05
0.9055 3.93152e-05
0.906 3.94186e-05
0.9065 3.95221e-05
0.907 3.96256e-05
0.9075 3.97291e-05
0.908 3.98327e-05
0.9085 3.99363e-05
0.909 4.00399e-05
0.9095 4.01436e-05
0.91 4.02472e-05
0.9105 4.03509e-05
0.911 4.04546e-05
0.9115 4.05584e-05
0.912 4.06621e-05
0.9125 4.07659e-05
0.913 4.08697e-05
0.9135 4.09735e-05
0.914 4.10773e-05
0.9145 4.11811e-05
0.915 4.1285e-05
0.9155 4.13888e-05
0.916 4.14927e-05
0.9165 4.15965e-05
0.917 4.17004e-05
0.9175 4.18043e-05
0.918 4.19082e-05
0.9185 4.20121e-05
0.919 4.2116e-05
0.9195 4.22199e-05
0.92 4.23238e-05
0.9205 4.24277e-05
0.921 4.25316e-05
0.9215 4.26355e-05
0.922 4.27394e-05
0.9225 4.28432e-05
0.923 4.29471e-05
0.9235 4.3051e-05
0.924 4.31549e-05
0.9245 4.32587e-05
0.925 4.33626e-05
0.9255 4.34664e-05
0.926 4.35702e-05
0.9265 4.3674e-05
0.927 4.37778e-05
0.9275 4.38816e-05
0.928 4.39854e-05
0.9285 4.40891e-05
0.929 4.41928e-05
0.9295 4.42965e-05
0.93 4.44002e-05
0.9305 4.45039e-05
0.931 4.46075e-05
0.9315 4.47111e-05
0.932 4.48147e-05
0.9325 4.49182e-05
0.933 4.50217e-05
0.9335 4.51252e-05
0.934 4.52287e-05
0.9345 4.53321e-05
0.935 4.54355e-05
0.9355 4.55389e-05
0.936 4.56422e-05
0.9365 4.57455e-05
0.937 4.58487e-05
0.9375 4.59519e-05
0.938 4.60551e-05
0.9385 4.61582e-05
0.939 4.62613e-05
0.9395 4.63643e-05
0.94 4.64673e-05
0.9405 4.65702e-05
0.941 4.66731e-05
0.9415 4.67759e-05
0.942 4.68787e-05
0.9425 4.69815e-05
0.943 4.70842e-05
0.9435 4.71868e-05
0.944 4.72894e-05
0.9445 4.73919e-05
0.945 4.74943e-05
0.9455 4.75967e-05
0.946 4.76991e-05
0.9465 4.78013e-05
0.947 4.79036e-05
0.9475 4.80057e-05
0.948 4.81078e-05
0.9485 4.82098e-05
0.949 4.83117e-05
0.9495 4.84136e-05
0.95 4.85154e-05
0.9505 4.86172e-05
0.951 4.87188e-05
0.9515 4.88204e-05
0.952 4.89219e-05
0.9525 4.90234e-05
0.953 4.91247e-05
0.9535 4.9226e-05
0.954 4.93272e-05
0.9545 4.94283e-05
0.955 4.95293e-05
0.9555 4.96303e-05
0.956 4.97312e-05
0.9565 4.98319e-05
0.957 4.99326e-05
0.9575 5.00332e-05
0.958 5.01337e-05
0.9585 5.02342e-05
0.959 5.03345e-05
0.9595 5.04347e-05
0.96 5.05348e-05
0.9605 5.06349e-05
0.961 5.07348e-05
0.9615 5.08347e-05
0.962 5.09344e-05
0.9625 5.1034e-05
0.963 5.11336e-05
0.9635 5.1233e-05
0.964 5.13323e-05
0.9645 5.14315e-05
0.965 5.15307e-05
0.9655 5.16297e-05
0.966 5.17285e-05
0.9665 5.18273e-05
0.967 5.1926e-05
0.9675 5.20245e-05
0.968 5.2123e-05
0.9685 5.22213e-05
0.969 5.23195e-05
0.9695 5.24176e-05
0.97 5.25155e-05
0.9705 5.26134e-05
0.971 5.27111e-05
0.9715 5.28087e-05
0.972 5.29061e-05
0.9725 5.30035e-05
0.973 5.31007e-05
0.9735 5.31978e-05
0.974 5.32947e-05
0.9745 5.33915e-05
0.975 5.34882e-05
0.9755 5.35847e-05
0.976 5.36812e-05
0.9765 5.37774e-05
0.977 5.38736e-05
0.9775 5.39696e-05
0.978 5.40654e-05
0.9785 5.41611e-05
0.979 5.42567e-05
0.9795 5.43521e-05
0.98 5.44474e-05
0.9805 5.45425e-05
0.981 5.46375e-05
0.9815 5.47323e-05
0.982 5.4827e-05
0.9825 5.49215e-05
0.983 5.50159e-05
0.9835 5.51101e-05
0.984 5.52042e-05
0.9845 5.52981e-05
0.985 5.53918e-05
0.9855 5.54854e-05
0.986 5.55789e-05
0.9865 5.56721e-05
0.987 5.57652e-05
0.9875 5.58582e-05
0.988 5.59509e-05
0.9885 5.60435e-05
0.989 5.6136e-05
0.9895 5.62282e-05
0.99 5.63203e-05
0.9905 5.64122e-05
0.991 5.6504e-05
0.9915 5.65955e-05
0.992 5.66869e-05
0.9925 5.67781e-05
0.993 5.68692e-05
0.9935 5.696e-05
0.994 5.70507e-05
0.9945 5.71412e-05
0.995 5.72315e-05
0.9955 5.73216e-05
0.996 5.74116e-05
0.9965 5.75013e-05
0.997 5.75909e-05
0.9975 5.76802e-05
0.998 5.77694e-05
0.9985 5.78584e-05
0.999 5.79472e-05
0.9995 5.80358e-05
1 5.81242e-05
1.0005 5.82124e-05
1.001 5.83004e-05
1.0015 5.83882e-05
1.002 5.84758e-05
1.0025 5.85632e-05
1.003 5.86504e-05
1.0035 5.87374e-05
1.004 5.88242e-05
1.0045 5.89108e-05
1.005 5.89971e-05
1.0055 5.90833e-05
1.006 5.91693e-05
1.0065 5.9255e-05
1.007 5.93405e-05
1.0075 5.94258e-05
1.008 5.95109e-05
1.0085 5.95958e-05
1.009 5.96805e-05
1.0095 5.97649e-05
1.01 5.98491e-05
1.0105 5.99331e-05
1.011 6.00169e-05
1.0115 6.01004e-05
1.012 6.01838e-05
1.0125 6.02669e-05
1.013 6.03497e-05
1.0135 6.04324e-05
1.014 6.05148e-05
1.0145 6.0597e-05
1.015 6.06789e-05
1.0155 6.07606e-05
1.016 6.08421e-05
1.0165 6.09233e-05
1.017 6.10043e-05
1.0175 6.10851e-05
1.018 6.11656e-05
1.0185 6.12459e-05
1.019 6.1326e-05
1.0195 6.14058e-05
1.02 6.14853e-05
1.0205 6.15646e-05
1.021 6.16437e-05
1.0215 6.17225e-05
1.022 6.18011e-05
1.0225 6.18794e-05
1.023 6.19575e-05
1.0235 6.20353e-05
1.024 6.21128e-05
1.0245 6.21901e-05
1.025 6.22672e-05
1.0255 6.2344e-05
1.026 6.24205e-05
1.0265 6.24968e-05
1.027 6.25728e-05
1.0275 6.26485e-05
1.028 6.2724e-05
1.0285 6.27993e-05
1.029 6.28742e-05
1.0295 6.29489e-05
1.03 6.30233e-05
1.0305 6.30975e-05
1.031 6.31714e-05
1.0315 6.3245e-05
1.032 6.33184e-05
1.0325 6.33914e-05
1.033 6.34642e-05
1.0335 6.35368e-05
1.034 6.3609e-05
1.0345 6.3681e-05
1.035 6.37527e-05
1.0355 6.38241e-05
1.036 6.38952e-05
1.0365 6.39661e-05
1.037 6.40367e-05
1.0375 6.41069e-05
1.038 6.4177e-05
1.0385 6.42467e-05
1.039 6.43161e-05
1.0395 6.43852e-05
1.04 6.44541e-05
1.0405 6.45227e-05
1.041 6.45909e-05
1.0415 6.46589e-05
1.042 6.47266e-05
1.0425 6.4794e-05
1.043 6.48611e-05
1.0435 6.49279e-05
1.044 6.49944e-05
1.0445 6.50606e-05
1.045 6.51265e-05
1.0455 6.51921e-05
1.046 6.52574e-05
1.0465 6.53225e-05
1.047 6.53872e-05
1.0475 6.54516e-05
1.048 6.55156e-05
1.0485 6.55794e-05
1.049 6.56429e-05
1.0495 6.57061e-05
1.05 6.57689e-05
1.0505 6.58315e-05
1.051 6.58937e-05
1.0515 6.59557e-05
1.052 6.60173e-05
1.0525 6.60786e-05
1.053 6.61396e-05
1.0535 6.62002e-05
1.054 6.62606e-05
1.0545 6.63206e-05
1.055 6.63803e-05
1.0555 6.64397e-05
1.056 6.64988e-05
1.0565 6.65575e-05
1.057 6.6616e-05
1.0575 6.66741e-05
1.058 6.67319e-05
1.0585 6.67893e-05
1.059 6.68464e-05
1.0595 6.69032e-05
1.06 6.69597e-05
1.0605 6.70159e-05
1.061 6.70717e-05
1.0615 6.71272e-05
1.062 6.71823e-05
1.0625 6.72371e-05
1.063 6.72916e-05
1.0635 6.73458e-05
1.064 6.73996e-05
1.0645 6.74531e-05
1.065 6.75062e-05
1.0655 6.7559e-05
1.066 6.76115e-05
1.0665 6.76636e-05
1.067 6.77154e-05
1.0675 6.77668e-05
1.068 6.78179e-05
1.0685 6.78687e-05
1.069 6.79191e-05
1.0695 6.79692e-05
1.07 6.80189e-05
1.0705 6.80683e-05
1.071 6.81173e-05
1.0715 6.8166e-05
1.072 6.82143e-05
1.0725 6.82623e-05
1.073 6.83099e-05
1.0735 6.83572e-05
1.074 6.84041e-05
1.0745 6.84507e-05
1.075 6.84969e-05
1.0755 6.85428e-05
1.076 6.85883e-05
1.0765 6.86335e-05
1.077 6.86783e-05
1.0775 6.87227e-05
1.078 6.87668e-05
1.0785 6.88105e-05
1.079 6.88539e-05
1.0795 6.88969e-05
1.08 6.89395e-05
1.0805 6.89818e-05
1.081 6.90237e-05
1.0815 6.90653e-05
1.082 6.91065e-05
1.0825 6.91473e-05
1.083 6.91878e-05
1.0835 6.92279e-05
1.084 6.92676e-05
1.0845 6.9307e-05
1.085 6.9346e-05
1.0855 6.93846e-05
1.086 6.94228e-05
1.0865 6.94607e-05
1.087 6.94982e-05
1.0875 6.95354e-05
1.088 6.95721e-05
1.0885 6.96085e-05
1.089 6.96446e-05
1.0895 6.96802e-05
1.09 6.97155e-05
1.0905 6.97504e-05
1.091 6.97849e-05
1.0915 6.9819e-05
1.092 6.98528e-05
1.0925 6.98862e-05
1.093 6.99192e-05
1.0935 6.99519e-05
1.094 6.99841e-05
1.0945 7.0016e-05
1.095 7.00475e-05
1.0955 7.00786e-05
1.096 7.01093e-05
1.0965 7.01396e-05
1.097 7.01696e-05
1.0975 7.01992e-05
1.098 7.02284e-05
1.0985 7.02572e-05
1.099 7.02856e-05
1.0995 7.03137e-05
1.1 7.03413e-05
1.1005 7.03686e-05
1.101 7.03954e-05
1.1015 7.04219e-05
1.102 7.0448e-05
1.1025 7.04737e-05
1.103 7.04991e-05
1.1035 7.0524e-05
1.104 7.05485e-05
1.1045 7.05727e-05
1.105 7.05965e-05
1.1055 7.06198e-05
1.106 7.06428e-05
1.1065 7.06654e-05
1.107 7.06876e-05
1.1075 7.07094e-05
1.108 7.07308e-05
1.1085 7.07518e-05
1.109 7.07724e-05
1.1095 7.07926e-05
1.11 7.08124e-05
1.1105 7.08318e-05
1.111 7.08509e-05
1.1115 7.08695e-05
1.112 7.08877e-05
1.1125 7.09055e-05
1.113 7.0923e-05
1.1135 7.094e-05
1.114 7.09567e-05
1.1145 7.09729e-05
1.115 7.09887e-05
1.1155 7.10042e-05
1.116 7.10192e-05
1.1165 7.10338e-05
1.117 7.10481e-05
1.1175 7.10619e-05
1.118 7.10753e-05
1.1185 7.10884e-05
1.119 7.1101e-05
1.1195 7.11132e-05
1.12 7.11251e-05
1.1205 7.11365e-05
1.121 7.11475e-05
1.1215 7.11581e-05
1.122 7.11683e-05
1.1225 7.11781e-05
1.123 7.11875e-05
1.1235 7.11965e-05
1.124 7.12051e-05
1.1245 7.12133e-05
1.125 7.1221e-05
1.1255 7.12284e-05
1.126 7.12354e-05
1.1265 7.12419e-05
1.127 7.12481e-05
1.1275 7.12538e-05
1.128 7.12591e-05
1.1285 7.12641e-05
1.129 7.12686e-05
1.1295 7.12727e-05
1.13 7.12764e-05
1.1305 7.12797e-05
1.131 7.12826e-05
1.1315 7.12851e-05
1.132 7.12871e-05
1.1325 7.12888e-05
1.133 7.12901e-05
1.1335 7.12909e-05
1.134 7.12913e-05
1.1345 7.12914e-05
1.135 7.1291e-05
1.1355 7.12902e-05
1.136 7.1289e-05
1.1365 7.12874e-05
1.137 7.12853e-05
1.1375 7.12829e-05
1.138 7.12801e-05
1.1385 7.12768e-05
1.139 7.12731e-05
1.1395 7.12691e-05
1.14 7.12646e-05
1.1405 7.12597e-05
1.141 7.12544e-05
1.1415 7.12487e-05
1.142 7.12425e-05
1.1425 7.1236e-05
1.143 7.1229e-05
1.1435 7.12217e-05
1.144 7.12139e-05
1.1445 7.12057e-05
1.145 7.11971e-05
1.1455 7.11881e-05
1.146 7.11787e-05
1.1465 7.11689e-05
1.147 7.11587e-05
1.1475 7.1148e-05
1.148 7.11369e-05
1.1485 7.11255e-05
1.149 7.11136e-05
1.1495 7.11013e-05
1.15 7.10886e-05
1.1505 7.10755e-05
1.151 7.1062e-05
1.1515 7.1048e-05
1.152 7.10337e-05
1.1525 7.1019e-05
1.153 7.10038e-05
1.1535 7.09882e-05
1.154 7.09722e-05
1.1545 7.09558e-05
1.155 7.0939e-05
1.1555 7.09218e-05
1.156 7.09042e-05
1.1565 7.08862e-05
1.157 7.08677e-05
1.1575 7.08489e-05
1.158 7.08296e-05
1.1585 7.081e-05
1.159 7.07899e-05
1.1595 7.07694e-05
1.16 7.07485e-05
1.1605 7.07272e-05
1.161 7.07055e-05
1.1615 7.06834e-05
1.162 7.06609e-05
1.1625 7.0638e-05
1.163 7.06146e-05
1.1635 7.05909e-05
1.164 7.05667e-05
1.1645 7.05422e-05
1.165 7.05172e-05
1.1655 7.04919e-05
1.166 7.04661e-05
1.1665 7.04399e-05
1.167 7.04133e-05
1.1675 7.03863e-05
1.168 7.03589e-05
1.1685 7.03311e-05
1.169 7.03029e-05
1.1695 7.02743e-05
1.17 7.02453e-05
1.1705 7.02159e-05
1.171 7.01861e-05
1.1715 7.01559e-05
1.172 7.01253e-05
1.1725 7.00942e-05
1.173 7.00628e-05
1.1735 7.0031e-05
1.174 6.99988e-05
1.1745 6.99662e-05
1.175 6.99331e-05
1.1755 6.98997e-05
1.176 6.98659e-05
1.1765 6.98317e-05
1.177 6.9797e-05
1.1775 6.9762e-05
1.178 6.97266e-05
1.1785 6.96908e-05
1.179 6.96546e-05
1.1795 6.9618e-05
1.18 6.9581e-05
1.1805 6.95436e-05
1.181 6.95058e-05
1.1815 6.94676e-05
1.182 6.9429e-05
1.1825 6.939e-05
1.183 6.93507e-05
1.1835 6.93109e-05
1.184 6.92707e-05
1.1845 6.92302e-05
1.185 6.91892e-05
1.1855 6.91479e-05
1.186 6.91062e-05
1.1865 6.90641e-05
1.187 6.90216e-05
1.1875 6.89787e-05
1.188 6.89354e-05
1.1885 6.88917e-05
1.189 6.88477e-05
1.1895 6.88032e-05
1.19 6.87584e-05
1.1905 6.87132e-05
1.191 6.86676e-05
1.1915 6.86216e-05
1.192 6.85752e-05
1.1925 6.85285e-05
1.193 6.84813e-05
1.1935 6.84338e-05
1.194 6.83859e-05
1.1945 6.83376e-05
1.195 6.82889e-05
1.1955 6.82399e-05
1.196 6.81905e-05
1.1965 6.81407e-05
1.197 6.80905e-05
1.1975 6.80399e-05
1.198 6.7989e-05
1.1985 6.79377e-05
1.199 6.7886e-05
1.1995 6.78339e-05
1.2 6.77815e-05
1.2005 6.77286e-05
1.201 6.76755e-05
1.2015 6.76219e-05
1.202 6.7568e-05
1.2025 6.75136e-05
1.203 6.7459e-05
1.2035 6.74039e-05
1.204 6.73485e-05
1.2045 6.72927e-05
1.205 6.72366e-05
1.2055 6.71801e-05
1.206 6.71232e-05
1.2065 6.70659e-05
1.207 6.70083e-05
1.2075 6.69503e-05
1.208 6.6892e-05
1.2085 6.68333e-05
1.209 6.67742e-05
1.2095 6.67148e-05
1.21 6.6655e-05
1.2105 6.65948e-05
1.211 6.65343e-05
1.2115 6.64734e-05
1.212 6.64122e-05
1.2125 6.63506e-05
1.213 6.62887e-05
1.2135 6.62264e-05
1.214 6.61637e-05
1.2145 6.61007e-05
1.215 6.60374e-05
1.2155 6.59737e-05
1.216 6.59096e-05
1.2165 6.58452e-05
1.217 6.57804e-05
1.2175 6.57153e-05
1.218 6.56499e-05
1.2185 6.55841e-05
1.219 6.55179e-05
1.2195 6.54514e-05
1.22 6.53846e-05
1.2205 6.53174e-05
1.221 6.52499e-05
1.2215 6.5182e-05
1.222 6.51138e-05
1.2225 6.50452e-05
1.223 6.49763e-05
1.2235 6.49071e-05
1.224 6.48376e-05
1.2245 6.47677e-05
1.225 6.46974e-05
1.2255 6.46268e-05
1.226 6.45559e-05
1.2265 6.44847e-05
1.227 6.44131e-05
1.2275 6.43412e-05
1.228 6.4269e-05
1.2285 6.41964e-05
1.229 6.41236e-05
1.2295 6.40503e-05
1.23 6.39768e-05
1.2305 6.39029e-05
1.231 6.38287e-05
1.2315 6.37542e-05
1.232 6.36794e-05
1.2325 6.36042e-05
1.233 6.35288e-05
1.2335 6.3453e-05
1.234 6.33768e-05
1.2345 6.33004e-05
1.235 6.32237e-05
1.2355 6.31466e-05
1.236 6.30692e-05
1.2365 6.29915e-05
1.237 6.29135e-05
1.2375 6.28352e-05
1.238 6.27566e-05
1.2385 6.26776e-05
1.239 6.25984e-05
1.2395 6.25188e-05
1.24 6.2439e-05
1.2405 6.23588e-05
1.241 6.22783e-05
1.2415 6.21976e-05
1.242 6.21165e-05
1.2425 6.20351e-05
1.243 6.19534e-05
1.2435 6.18715e-05
1.244 6.17892e-05
1.2445 6.17066e-05
1.245 6.16238e-05
1.2455 6.15406e-05
1.246 6.14572e-05
1.2465 6.13734e-05
1.247 6.12894e-05
1.2475 6.12051e-05
1.248 6.11204e-05
1.2485 6.10355e-05
1.249 6.09504e-05
1.2495 6.08649e-05
1.25 6.07791e-05
1.2505 6.06931e-05
1.251 6.06068e-05
1.2515 6.05201e-05
1.252 6.04333e-05
1.2525 6.03461e-05
1.253 6.02587e-05
1.2535 6.01709e-05
1.254 6.00829e-05
1.2545 5.99947e-05
1.255 5.99061e-05
1.2555 5.98173e-05
1.256 5.97282e-05
1.2565 5.96389e-05
1.257 5.95493e-05
1.2575 5.94594e-05
1.258 5.93692e-05
1.2585 5.92788e-05
1.259 5.91881e-05
1.2595 5.90972e-05
1.26 5.9006e-05
1.2605 5.89145e-05
1.261 5.88228e-05
1.2615 5.87308e-05
1.262 5.86386e-05
1.2625 5.85461e-05
1.263 5.84533e-05
1.2635 5.83603e-05
1.264 5.82671e-05
1.2645 5.81736e-05
1.265 5.80798e-05
1.2655 5.79858e-05
1.266 5.78916e-05
1.2665 5.77971e-05
1.267 5.77024e-05
1.2675 5.76074e-05
1.268 5.75122e-05
1.2685 5.74167e-05
1.269 5.7321e-05
1.2695 5.72251e-05
1.27 5.71289e-05
1.2705 5.70325e-05
1.271 5.69358e-05
1.2715 5.6839e-05
1.272 5.67419e-05
1.2725 5.66445e-05
1.273 5.6547e-05
1.2735 5.64492e-05
1.274 5.63512e-05
1.2745 5.62529e-05
1.275 5.61544e-05
1.2755 5.60558e-05
1.276 5.59568e-05
1.2765 5.58577e-05
1.277 5.57584e-05
1.2775 5.56588e-05
1.278 5.5559e-05
1.2785 5.5459e-05
1.279 5.53588e-05
1.2795 5.52584e-05
1.28 5.51577e-05
1.2805 5.50569e-05
1.281 5.49559e-05
1.2815 5.48546e-05
1.282 5.47531e-05
1.2825 5.46515e-05
1.283 5.45496e-05
1.2835 5.44475e-05
1.284 5.43453e-05
1.2845 5.42428e-05
1.285 5.41401e-05
1.2855 5.40373e-05
1.286 5.39342e-05
1.2865 5.38309e-05
1.287 5.37275e-05
1.2875 5.36239e-05
1.288 5.352e-05
1.2885 5.3416e-05
1.289 5.33118e-05
1.2895 5.32075e-05
1.29 5.31029e-05
1.2905 5.29981e-05
1.291 5.28932e-05
1.2915 5.27881e-05
1.292 5.26828e-05
1.2925 5.25773e-05
1.293 5.24717e-05
1.2935 5.23659e-05
1.294 5.22599e-05
1.2945 5.21537e-05
1.295 5.20474e-05
1.2955 5.19409e-05
1.296 5.18342e-05
1.2965 5.17274e-05
1.297 5.16204e-05
1.2975 5.15133e-05
1.298 5.14059e-05
1.2985 5.12985e-05
1.299 5.11908e-05
1.2995 5.1083e-05
1.3 5.09751e-05
1.3005 5.0867e-05
1.301 5.07587e-05
1.3015 5.06503e-05
1.302 5.05417e-05
1.3025 5.0433e-05
1.303 5.03241e-05
1.3035 5.02151e-05
1.304 5.0106e-05
1.3045 4.99967e-05
1.305 4.98872e-05
1.3055 4.97776e-05
1.306 4.96679e-05
1.3065 4.95581e-05
1.307 4.94481e-05
1.3075 4.93379e-05
1.308 4.92277e-05
1.3085 4.91173e-05
1.309 4.90068e-05
1.3095 4.88961e-05
1.31 4.87853e-05
1.3105 4.86744e-05
1.311 4.85634e-05
1.3115 4.84522e-05
1.312 4.83409e-05
1.3125 4.82295e-05
1.313 4.8118e-05
1.3135 4.80064e-05
1.314 4.78946e-05
1.3145 4.77827e-05
1.315 4.76707e-05
1.3155 4.75586e-05
1.316 4.74464e-05
1.3165 4.73341e-05
1.317 4.72217e-05
1.3175 4.71091e-05
1.318 4.69965e-05
1.3185 4.68838e-05
1.319 4.67709e-05
1.3195 4.6658e-05
1.32 4.65449e-05
1.3205 4.64318e-05
1.321 4.63185e-05
1.3215 4.62052e-05
1.322 4.60918e-05
1.3225 4.59782e-05
1.323 4.58646e-05
1.3235 4.57509e-05
1.324 4.56371e-05
1.3245 4.55232e-05
1.325 4.54093e-05
1.3255 4.52952e-05
1.326 4.51811e-05
1.3265 4.50669e-05
1.327 4.49526e-05
1.3275 4.48382e-05
1.328 4.47238e-05
1.3285 4.46093e-05
1.329 4.44947e-05
1.3295 4.438e-05
1.33 4.42653e-05
1.3305 4.41505e-05
1.331 4.40356e-05
1.3315 4.39207e-05
1.332 4.38056e-05
1.3325 4.36906e-05
1.333 4.35754e-05
1.3335 4.34603e-05
1.334 4.3345e-05
1.3345 4.32297e-05
1.335 4.31143e-05
1.3355 4.29989e-05
1.336 4.28834e-05
1.3365 4.27679e-05
1.337 4.26523e-05
1.3375 4.25367e-05
1.338 4.2421e-05
1.3385 4.23053e-05
1.339 4.21895e-05
1.3395 4.20737e-05
1.34 4.19579e-05
1.3405 4.1842e-05
1.341 4.1726e-05
1.3415 4.15992e-05
1.342 4.14834e-05
1.3425 4.13677e-05
1.343 4.12619e-05
1.3435 4.11458e-05
1.344 4.10297e-05
1.3445 4.09135e-05
1.345 4.07973e-05
1.3455 4.06811e-05
1.346 4.05648e-05
1.3465 4.04486e-05
1.347 4.03323e-05
1.3475 4.0216e-05
1.348 4.00996e-05
1.3485 3.99833e-05
1.349 3.98669e-05
1.3495 3.97505e-05
1.35 3.96341e-05
1.3505 3.95177e-05
1.351 3.94013e-05
1.3515 3.92848e-05
1.352 3.91684e-05
1.3525 3.9052e-05
1.353 3.89355e-05
1.3535 3.8819e-05
1.354 3.87026e-05
1.3545 3.85861e-05
1.355 3.84697e-05
1.3555 3.83532e-05
1.356 3.82367e-05
1.3565 3.81203e-05
1.357 3.80038e-05
1.3575 3.78874e-05
1.358 3.7771e-05
1.3585 3.76546e-05
1.359 3.75381e-05
1.3595 3.74217e-05
1.36 3.73054e-05
1.3605 3.7189e-05
1.361 3.70726e-05
1.3615 3.69563e-05
1.362 3.684e-05
1.3625 3.67237e-05
1.363 3.66074e-05
1.3635 3.64912e-05
1.364 3.63749e-05
1.3645 3.62588e-05
1.365 3.61426e-05
1.3655 3.60264e-05
1.366 3.59103e-05
1.3665 3.57943e-05
1.367 3.56782e-05
1.3675 3.55622e-05
1.368 3.54462e-05
1.3685 3.53303e-05
1.369 3.52144e-05
1.3695 3.50985e-05
1.37 3.49827e-05
1.3705 3.48669e-05
1.371 3.47512e-05
1.3715 3.46355e-05
1.372 3.45199e-05
1.3725 3.44043e-05
1.373 3.42887e-05
1.3735 3.41732e-05
1.374 3.40578e-05
1.3745 3.39424e-05
1.375 3.38271e-05
1.3755 3.37118e-05
1.376 3.35966e-05
1.3765 3.34814e-05
1.377 3.33663e-05
1.3775 3.32513e-05
1.378 3.31363e-05
1.3785 3.30214e-05
1.379 3.29065e-05
1.3795 3.27917e-05
1.38 3.2677e-05
1.3805 3.25624e-05
1.381 3.24478e-05
1.3815 3.23333e-05
1.382 3.22188e-05
1.3825 3.21045e-05
1.383 3.19902e-05
1.3835 3.1876e-05
1.384 3.17619e-05
1.3845 3.16478e-05
1.385 3.15338e-05
1.3855 3.14199e-05
1.386 3.13061e-05
1.3865 3.11924e-05
1.387 3.10788e-05
1.3875 3.09652e-05
1.388 3.08517e-05
1.3885 3.07384e-05
1.389 3.06251e-05
1.3895 3.05119e-05
1.39 3.03988e-05
1.3905 3.02858e-05
1.391 3.01729e-05
1.3915 3.00601e-05
1.392 2.99473e-05
1.3925 2.98347e-05
1.393 2.97222e-05
1.3935 2.96098e-05
1.394 2.94975e-05
1.3945 2.93852e-05
1.395 2.92731e-05
1.3955 2.91611e-05
1.396 2.90492e-05
1.3965 2.89375e-05
1.397 2.88258e-05
1.3975 2.87142e-05
1.398 2.86028e-05
1.3985 2.84914e-05
1.399 2.83802e-05
1.3995 2.82691e-05
1.4 2.81581e-05
1.4005 2.80472e-05
1.401 2.79365e-05
1.4015 2.78258e-05
1.402 2.77153e-05
1.4025 2.76049e-05
1.403 2.74947e-05
1.4035 2.73845e-05
1.404 2.72745e-05
1.4045 2.71646e-05
1.405 2.70548e-05
1.4055 2.69452e-05
1.406 2.68357e-05
1.4065 2.67263e-05
1.407 2.66171e-05
1.4075 2.6508e-05
1.408 2.6399e-05
1.4085 2.62902e-05
1.409 2.61815e-05
1.4095 2.60729e-05
1.41 2.59645e-05
1.4105 2.58563e-05
1.411 2.57481e-05
1.4115 2.56401e-05
1.412 2.55323e-05
1.4125 2.54246e-05
1.413 2.5317e-05
1.4135 2.52096e-05
1.414 2.51023e-05
1.4145 2.49952e-05
1.415 2.48883e-05
1.4155 2.47814e-05
1.416 2.46748e-05
1.4165 2.45683e-05
1.417 2.44619e-05
1.4175 2.43557e-05
1.418 2.42497e-05
1.4185 2.41438e-05
1.419 2.40381e-05
1.4195 2.39325e-05
1.42 2.38271e-05
1.4205 2.37219e-05
1.421 2.36168e-05
1.4215 2.35119e-05
1.422 2.34071e-05
1.4225 2.33025e-05
1.423 2.31981e-05
1.4235 2.30939e-05
1.424 2.29898e-05
1.4245 2.28859e-05
1.425 2.27821e-05
1.4255 2.26785e-05
1.426 2.25751e-05
1.4265 2.24719e-05
1.427 2.23689e-05
1.4275 2.2266e-05
1.428 2.21633e-05
1.4285 2.20608e-05
1.429 2.19584e-05
1.4295 2.18562e-05
1.43 2.17543e-05
1.4305 2.16525e-05
1.431 2.15508e-05
1.4315 2.14494e-05
1.432 2.13481e-05
1.4325 2.12471e-05
1.433 2.11462e-05
1.4335 2.10455e-05
1.434 2.0945e-05
1.4345 2.08446e-05
1.435 2.07445e-05
1.4355 2.06445e-05
1.436 2.05448e-05
1.4365 2.04452e-05
1.437 2.03459e-05
1.4375 2.02467e-05
1.438 2.01477e-05
1.4385 2.00489e-05
1.439 1.99503e-05
1.4395 1.98519e-05
1.44 1.97537e-05
1.4405 1.96557e-05
1.441 1.95579e-05
1.4415 1.94603e-05
1.442 1.93629e-05
1.4425 1.92657e-05
1.443 1.91687e-05
1.4435 1.90719e-05
1.444 1.89754e-05
1.4445 1.8879e-05
1.445 1.87828e-05
1.4455 1.86868e-05
1.446 1.85911e-05
1.4465 1.84955e-05
1.447 1.84002e-05
1.4475 1.8305e-05
1.448 1.82101e-05
1.4485 1.81154e-05
1.449 1.80209e-05
1.4495 1.79266e-05
1.45 1.78326e-05
1.4505 1.77387e-05
1.451 1.76451e-05
1.4515 1.75516e-05
1.452 1.74584e-05
1.4525 1.73654e-05
1.453 1.72726e-05
1.4535 1.71801e-05
1.454 1.70877e-05
1.4545 1.69956e-05
1.455 1.69037e-05
1.4555 1.68121e-05
1.456 1.67206e-05
1.4565 1.66294e-05
1.457 1.65384e-05
1.4575 1.64476e-05
1.458 1.6357e-05
1.4585 1.62667e-05
1.459 1.61766e-05
1.4595 1.60867e-05
1.46 1.59971e-05
1.4605 1.59076e-05
1.461 1.58184e-05
1.4615 1.57295e-05
1.462 1.56407e-05
1.4625 1.55522e-05
1.463 1.5464e-05
1.4635 1.53759e-05
1.464 1.52881e-05
1.4645 1.52005e-05
1.465 1.51132e-05
1.4655 1.50261e-05
1.466 1.49392e-05
1.4665 1.48526e-05
1.467 1.47662e-05
1.4675 1.468e-05
1.468 1.45941e-05
1.4685 1.45084e-05
1.469 1.44229e-05
1.4695 1.43377e-05
1.47 1.42527e-05
1.4705 1.4168e-05
1.471 1.40835e-05
1.4715 1.39993e-05
1.472 1.39152e-05
1.4725 1.38315e-05
1.473 1.3748e-05
1.4735 1.36647e-05
1.474 1.35816e-05
1.4745 1.34988e-05
1.475 1.34163e-05
1.4755 1.3334e-05
1.476 1.32519e-05
1.4765 1.31701e-05
1.477 1.30885e-05
1.4775 1.30072e-05
1.478 1.29261e-05
1.4785 1.28453e-05
1.479 1.27647e-05
1.4795 1.26844e-05
1.48 1.26043e-05
1.4805 1.25245e-05
1.481 1.24449e-05
1.4815 1.23656e-05
1.482 1.22865e-05
1.4825 1.22077e-05
1.483 1.21291e-05
1.4835 1.20508e-05
1.484 1.19727e-05
1.4845 1.18949e-05
1.485 1.18174e-05
1.4855 1.174e-05
1.486 1.1663e-05
1.4865 1.15862e-05
1.487 1.15096e-05
1.4875 1.14334e-05
1.488 1.13573e-05
1.4885 1.12815e-05
1.489 1.1206e-05
1.4895 1.11308e-05
1.49 1.10557e-05
1.4905 1.0981e-05
1.491 1.09065e-05
1.4915 1.08323e-05
1.492 1.07583e-05
1.4925 1.06846e-05
1.493 1.06111e-05
1.4935 1.05379e-05
1.494 1.0465e-05
1.4945 1.03923e-05
1.495 1.03199e-05
1.4955 1.02477e-05
1.496 1.01758e-05
1.4965 1.01042e-05
1.497 1.00328e-05
1.4975 9.96169e-06
1.498 9.89084e-06
1.4985 9.82025e-06
1.499 9.74992e-06
1.4995 9.67986e-06
1.5 9.61005e-06
1.5005 9.54051e-06
1.501 9.47124e-06
1.5015 9.40222e-06
1.502 9.33347e-06
1.5025 9.26499e-06
1.503 9.19677e-06
1.5035 9.12881e-06
1.504 9.06112e-06
1.5045 8.99369e-06
1.505 8.92652e-06
1.5055 8.85963e-06
1.506 8.79299e-06
1.5065 8.72663e-06
1.507 8.66052e-06
1.5075 8.59469e-06
1.508 8.52912e-06
1.5085 8.46381e-06
1.509 8.39878e-06
1.5095 8.33401e-06
1.51 8.2695e-06
1.5105 8.20526e-06
1.511 8.14129e-06
1.5115 8.07758e-06
1.512 8.01415e-06
1.5125 7.95098e-06
1.513 7.88807e-06
1.5135 7.82544e-06
1.514 7.76307e-06
1.5145 7.70096e-06
1.515 7.63913e-06
1.5155 7.57756e-06
1.516 7.51627e-06
1.5165 7.45523e-06
1.517 7.39447e-06
1.5175 7.33398e-06
1.518 7.27375e-06
1.5185 7.21379e-06
1.519 7.1541e-06
1.5195 7.09467e-06
1.52 7.03552e-06
1.5205 6.97663e-06
1.521 6.91801e-06
1.5215 6.85966e-06
1.522 6.80158e-06
1.5225 6.74377e-06
1.523 6.68622e-06
1.5235 6.62894e-06
1.524 6.57193e-06
1.5245 6.51519e-06
1.525 6.45872e-06
1.5255 6.40251e-06
1.526 6.34657e-06
1.5265 6.29091e-06
1.527 6.2355e-06
1.5275 6.18037e-06
1.528 6.12551e-06
1.5285 6.07091e-06
1.529 6.01658e-06
1.5295 5.96252e-06
1.53 5.90873e-06
1.5305 5.8552e-06
1.531 5.80194e-06
1.5315 5.74895e-06
1.532 5.69623e-06
1.5325 5.64377e-06
1.533 5.59159e-06
1.5335 5.53966e-06
1.534 5.48801e-06
1.5345 5.43662e-06
1.535 5.3855e-06
1.5355 5.33465e-06
1.536 5.28406e-06
1.5365 5.23374e-06
1.537 5.18369e-06
1.5375 5.1339e-06
1.538 5.08438e-06
1.5385 5.03512e-06
1.539 4.98613e-06
1.5395 4.93741e-06
1.54 4.88895e-06
1.5405 4.84076e-06
1.541 4.79283e-06
1.5415 4.74517e-06
1.542 4.69777e-06
1.5425 4.65064e-06
1.543 4.60377e-06
1.5435 4.55716e-06
1.544 4.51082e-06
1.5445 4.46475e-06
1.545 4.41893e-06
1.5455 4.37338e-06
1.546 4.3281e-06
1.5465 4.28307e-06
1.547 4.23831e-06
1.5475 4.19382e-06
1.548 4.14958e-06
1.5485 4.10561e-06
1.549 4.0619e-06
1.5495 4.01845e-06
1.55 3.97526e-06
1.5505 3.93233e-06
1.551 3.88967e-06
1.5515 3.84726e-06
1.552 3.80511e-06
1.5525 3.76323e-06
1.553 3.72161e-06
1.5535 3.68024e-06
1.554 3.63913e-06
1.5545 3.59829e-06
1.555 3.5577e-06
1.5555 3.51737e-06
1.556 3.4773e-06
1.5565 3.43748e-06
1.557 3.39793e-06
1.5575 3.35863e-06
1.558 3.31959e-06
1.5585 3.2808e-06
1.559 3.24227e-06
1.5595 3.204e-06
1.56 3.16598e-06
1.5605 3.12822e-06
1.561 3.09071e-06
1.5615 3.05346e-06
1.562 3.01646e-06
1.5625 2.97971e-06
1.563 2.94322e-06
1.5635 2.90698e-06
1.564 2.871e-06
1.5645 2.83526e-06
1.565 2.79978e-06
1.5655 2.76455e-06
1.566 2.72958e-06
1.5665 2.69485e-06
1.567 2.66037e-06
1.5675 2.62615e-06
1.568 2.59217e-06
1.5685 2.55844e-06
1.569 2.52496e-06
1.5695 2.49174e-06
1.57 2.45875e-06
1.5705 2.42602e-06
1.571 2.39353e-06
1.5715 2.36129e-06
1.572 2.3293e-06
1.5725 2.29755e-06
1.573 2.26605e-06
1.5735 2.2348e-06
1.574 2.20379e-06
1.5745 2.17302e-06
1.575 2.14249e-06
1.5755 2.11221e-06
1.576 2.08218e-06
1.5765 2.05238e-06
1.577 2.02283e-06
1.5775 1.99352e-06
1.578 1.96445e-06
1.5785 1.93562e-06
1.579 1.90703e-06
1.5795 1.87868e-06
1.58 1.85057e-06
1.5805 1.8227e-06
1.581 1.79507e-06
1.5815 1.76767e-06
1.582 1.74051e-06
1.5825 1.71359e-06
1.583 1.68691e-06
1.5835 1.66046e-06
1.584 1.63424e-06
1.5845 1.60826e-06
1.585 1.58252e-06
1.5855 1.55701e-06
1.586 1.53173e-06
1.5865 1.50668e-06
1.587 1.48187e-06
1.5875 1.45728e-06
1.588 1.43293e-06
1.5885 1.40881e-06
1.589 1.38492e-06
1.5895 1.36126e-06
1.59 1.33782e-06
1.5905 1.31462e-06
1.591 1.29164e-06
1.5915 1.26889e-06
1.592 1.24637e-06
1.5925 1.22407e-06
1.593 1.202e-06
1.5935 1.18015e-06
1.594 1.15853e-06
1.5945 1.13713e-06
1.595 1.11596e-06
1.5955 1.09501e-06
1.596 1.07427e-06
1.5965 1.05376e-06
1.597 1.03348e-06
1.5975 1.01341e-06
1.598 9.9356e-07
1.5985 9.7393e-07
1.599 9.54519e-07
1.5995 9.35326e-07
1.6 9.1635e-07
1.6005 8.9759e-07
1.601 8.79047e-07
1.6015 8.60719e-07
1.602 8.42606e-07
1.6025 8.24707e-07
1.603 8.07022e-07
1.6035 7.89549e-07
1.604 7.72289e-07
1.6045 7.55241e-07
1.605 7.38403e-07
1.6055 7.21776e-07
1.606 7.05359e-07
1.6065 6.89151e-07
1.607 6.73151e-07
1.6075 6.5736e-07
1.608 6.41775e-07
1.6085 6.26397e-07
1.609 6.11225e-07
1.6095 5.96258e-07
1.61 5.81495e-07
1.6105 5.66937e-07
1.611 5.52582e-07
1.6115 5.38429e-07
1.612 5.24478e-07
1.6125 5.10729e-07
1.613 4.9718e-07
1.6135 4.83831e-07
1.614 4.70681e-07
1.6145 4.5773e-07
1.615 4.44977e-07
1.6155 4.32421e-07
1.616 4.20061e-07
1.6165 4.07897e-07
1.617 3.95929e-07
1.6175 3.84154e-07
1.618 3.72574e-07
1.6185 3.61186e-07
1.619 3.49991e-07
1.6195 3.38988e-07
1.62 3.28176e-07
1.6205 3.17553e-07
1.621 3.07121e-07
1.6215 2.96877e-07
1.622 2.86821e-07
1.6225 2.76953e-07
1.623 2.67272e-07
1.6235 2.57776e-07
1.624 2.48466e-07
1.6245 2.3934e-07
1.625 2.30398e-07
1.6255 2.2164e-07
1.626 2.13063e-07
1.6265 2.04669e-07
1.627 1.96455e-07
1.6275 1.88422e-07
1.628 1.80568e-07
1.6285 1.72893e-07
1.629 1.65395e-07
1.6295 1.58076e-07
1.63 1.50932e-07
1.6305 1.43965e-07
1.631 1.37172e-07
1.6315 1.30554e-07
1.632 1.2411e-07
1.6325 1.17839e-07
1.633 1.11739e-07
1.6335 1.05811e-07
1.634 1.00054e-07
1.6345 9.4466e-08
1.635 8.90476e-08
1.6355 8.37975e-08
1.636 7.8715e-08
1.6365 7.37994e-08
1.637 6.905e-08
1.6375 6.44658e-08
1.638 6.00463e-08
1.6385 5.57905e-08
1.639 5.16979e-08
1.6395 4.77676e-08
1.64 4.39988e-08
1.6405 4.03908e-08
1.641 3.69428e-08
1.6415 3.36541e-08
1.642 3.05238e-08
1.6425 2.75513e-08
1.643 2.47357e-08
1.6435 2.20763e-08
1.644 1.95722e-08
1.6445 1.72229e-08
1.645 1.50273e-08
1.6455 1.29849e-08
1.646 1.10947e-08
1.6465 9.35613e-09
1.647 7.76828e-09
1.6475 6.3304e-09
1.648 5.04171e-09
1.6485 3.90144e-09
1.649 2.90881e-09
1.6495 2.06303e-09
1.65 1.36332e-09
1.6505 8.08899e-10
1.651 3.98986e-10
1.6515 1.32793e-10
1.652 9.53604e-12
1.6525 2.84295e-11
1.653 1.88687e-10
1.6535 4.89521e-10
1.654 9.30145e-10
1.6545 1.50977e-09
1.655 2.22761e-09
1.6555 3.08287e-09
1.656 4.07476e-09
1.6565 5.2025e-09
1.657 6.46529e-09
1.6575 7.86234e-09
1.658 9.39286e-09
1.6585 1.10561e-08
1.659 1.28511e-08
1.6595 1.47773e-08
1.66 1.68338e-08
1.6605 1.90198e-08
1.661 2.13344e-08
1.6615 2.3777e-08
1.662 2.63468e-08
1.6625 2.90428e-08
1.663 3.18644e-08
1.6635 3.48107e-08
1.664 3.7881e-08
1.6645 4.10744e-08
1.665 4.43901e-08
1.6655 4.78274e-08
1.666 5.13855e-08
1.6665 5.50635e-08
1.667 5.88607e-08
1.6675 6.27762e-08
1.668 6.68093e-08
1.6685 7.09592e-08
1.669 7.52251e-08
1.6695 7.96062e-08
1.67 8.41016e-08
1.6705 8.87106e-08
1.671 9.34324e-08
1.6715 9.82662e-08
1.672 1.03211e-07
1.6725 1.08267e-07
1.673 1.13432e-07
1.6735 1.18705e-07
1.674 1.24087e-07
1.6745 1.29576e-07
1.675 1.35172e-07
1.6755 1.40873e-07
1.676 1.46679e-07
1.6765 1.52589e-07
1.677 1.58602e-07
1.6775 1.64718e-07
1.678 1.70935e-07
1.6785 1.77253e-07
1.679 1.83671e-07
1.6795 1.90189e-07
1.68 1.96805e-07
1.6805 2.03518e-07
1.681 2.10329e-07
1.6815 2.17236e-07
1.682 2.24238e-07
1.6825 2.31334e-07
1.683 2.38524e-07
1.6835 2.45808e-07
1.684 2.53183e-07
1.6845 2.6065e-07
1.685 2.68207e-07
1.6855 2.75854e-07
1.686 2.8359e-07
1.6865 2.91414e-07
1.687 2.99326e-07
1.6875 3.07325e-07
1.688 3.15409e-07
1.6885 3.23578e-07
1.689 3.31832e-07
1.6895 3.40169e-07
1.69 3.48589e-07
1.6905 3.57091e-07
1.691 3.65674e-07
1.6915 3.74337e-07
1.692 3.8308e-07
1.6925 3.91902e-07
1.693 4.00802e-07
1.6935 4.0978e-07
1.694 4.18833e-07
1.6945 4.27963e-07
1.695 4.37168e-07
1.6955 4.46446e-07
1.696 4.55798e-07
1.6965 4.65223e-07
1.697 4.7472e-07
1.6975 4.84288e-07
1.698 4.93926e-07
1.6985 5.03634e-07
1.699 5.1341e-07
1.6995 5.23255e-07
1.7 5.33167e-07
1.7005 5.43145e-07
1.701 5.5319e-07
1.7015 5.63299e-07
1.702 5.73473e-07
1.7025 5.8371e-07
1.703 5.94009e-07
1.7035 6.04371e-07
1.704 6.14794e-07
1.7045 6.25278e-07
1.705 6.35821e-07
1.7055 6.46423e-07
1.706 6.57084e-07
1.7065 6.67802e-07
1.707 6.78576e-07
1.7075 6.89407e-07
1.708 7.00293e-07
1.7085 7.11234e-07
1.709 7.22228e-07
1.7095 7.33275e-07
1.71 7.44375e-07
1.7105 7.55526e-07
1.711 7.66728e-07
1.7115 7.7798e-07
1.712 7.89281e-07
1.7125 8.00631e-07
1.713 8.12029e-07
1.7135 8.23474e-07
1.714 8.34965e-07
1.7145 8.46503e-07
1.715 8.58085e-07
1.7155 8.69711e-07
1.716 8.81381e-07
1.7165 8.93094e-07
1.717 9.04849e-07
1.7175 9.16646e-07
1.718 9.28483e-07
1.7185 9.4036e-07
1.719 9.52276e-07
1.7195 9.64231e-07
1.72 9.76223e-07
1.7205 9.88253e-07
1.721 1.00032e-06
1.7215 1.01242e-06
1.722 1.02456e-06
1.7225 1.03673e-06
1.723 1.04893e-06
1.7235 1.06117e-06
1.724 1.07344e-06
1.7245 1.08574e-06
1.725 1.09808e-06
1.7255 1.11044e-06
1.726 1.12283e-06
1.7265 1.13525e-06
1.727 1.1477e-06
1.7275 1.16018e-06
1.728 1.17268e-06
1.7285 1.18521e-06
1.729 1.19777e-06
1.7295 1.21035e-06
1.73 1.22295e-06
1.7305 1.23558e-06
1.731 1.24823e-06
1.7315 1.2609e-06
1.732 1.27359e-06
1.7325 1.28631e-06
1.733 1.29904e-06
1.7335 1.31179e-06
1.734 1.32457e-06
1.7345 1.33736e-06
1.735 1.35017e-06
1.7355 1.36299e-06
1.736 1.37583e-06
1.7365 1.38869e-06
1.737 1.40156e-06
1.7375 1.41444e-06
1.738 1.42734e-06
1.7385 1.44026e-06
1.739 1.45318e-06
1.7395 1.46612e-06
1.74 1.47906e-06
1.7405 1.49202e-06
1.741 1.50499e-06
1.7415 1.51796e-06
1.742 1.53095e-06
1.7425 1.54394e-06
1.743 1.55694e-06
1.7435 1.56995e-06
1.744 1.58296e-06
1.7445 1.59598e-06
1.745 1.60901e-06
1.7455 1.62203e-06
1.746 1.63506e-06
1.7465 1.6481e-06
1.747 1.66114e-06
1.7475 1.67418e-06
1.748 1.68722e-06
1.7485 1.70026e-06
1.749 1.7133e-06
1.7495 1.72634e-06
1.75 1.73938e-06
1.7505 1.75241e-06
1.751 1.76545e-06
1.7515 1.77848e-06
1.752 1.79151e-06
1.7525 1.80454e-06
1.753 1.81756e-06
1.7535 1.83057e-06
1.754 1.84358e-06
1.7545 1.85659e-06
1.755 1.86958e-06
1.7555 1.88257e-06
1.756 1.89556e-06
1.7565 1.90853e-06
1.757 1.92149e-06
1.7575 1.93445e-06
1.758 1.94739e-06
1.7585 1.96032e-06
1.759 1.97325e-06
1.7595 1.98616e-06
1.76 1.99906e-06
1.7605 2.01194e-06
1.761 2.02481e-06
1.7615 2.03767e-06
1.762 2.05052e-06
1.7625 2.06335e-06
1.763 2.07616e-06
1.7635 2.08896e-06
1.764 2.10174e-06
1.7645 2.1145e-06
1.765 2.12725e-06
1.7655 2.13998e-06
1.766 2.15269e-06
1.7665 2.16538e-06
1.767 2.17805e-06
1.7675 2.1907e-06
1.768 2.20333e-06
1.7685 2.21594e-06
1.769 2.22853e-06
1.7695 2.2411e-06
1.77 2.25364e-06
1.7705 2.26616e-06
1.771 2.27866e-06
1.7715 2.29113e-06
1.772 2.30358e-06
1.7725 2.316e-06
1.773 2.3284e-06
1.7735 2.34078e-06
1.774 2.35312e-06
1.7745 2.36544e-06
1.775 2.37773e-06
1.7755 2.39e-06
1.776 2.40224e-06
1.7765 2.41444e-06
1.777 2.42662e-06
1.7775 2.43877e-06
1.778 2.45089e-06
1.7785 2.46298e-06
1.779 2.47504e-06
1.7795 2.48707e-06
1.78 2.49907e-06
1.7805 2.51103e-06
1.781 2.52296e-06
1.7815 2.53486e-06
1.782 2.54672e-06
1.7825 2.55856e-06
1.783 2.57035e-06
1.7835 2.58211e-06
1.784 2.59384e-06
1.7845 2.60553e-06
1.785 2.61719e-06
1.7855 2.62881e-06
1.786 2.64039e-06
1.7865 2.65194e-06
1.787 2.66345e-06
1.7875 2.67492e-06
1.788 2.68635e-06
1.7885 2.69775e-06
1.789 2.7091e-06
1.7895 2.72042e-06
1.79 2.73169e-06
1.7905 2.74293e-06
1.791 2.75413e-06
1.7915 2.76528e-06
1.792 2.7764e-06
1.7925 2.78747e-06
1.793 2.7985e-06
1.7935 2.80949e-06
1.794 2.82043e-06
1.7945 2.83133e-06
1.795 2.84219e-06
1.7955 2.85301e-06
1.796 2.86378e-06
1.7965 2.87451e-06
1.797 2.88519e-06
1.7975 2.89582e-06
1.798 2.90642e-06
1.7985 2.91696e-06
1.799 2.92746e-06
1.7995 2.93792e-06
1.8 2.94832e-06
1.8005 2.95868e-06
1.801 2.969e-06
1.8015 2.97926e-06
1.802 2.98948e-06
1.8025 2.99965e-06
1.803 3.00977e-06
1.8035 3.01984e-06
1.804 3.02986e-06
1.8045 3.03983e-06
1.805 3.04976e-06
1.8055 3.05963e-06
1.806 3.06945e-06
1.8065 3.07922e-06
1.807 3.08895e-06
1.8075 3.09862e-06
1.808 3.10823e-06
1.8085 3.1178e-06
1.809 3.12732e-06
1.8095 3.13678e-06
1.81 3.14619e-06
1.8105 3.15555e-06
1.811 3.16485e-06
1.8115 3.1741e-06
1.812 3.1833e-06
1.8125 3.19244e-06
1.813 3.20153e-06
1.8135 3.21057e-06
1.814 3.21955e-06
1.8145 3.22847e-06
1.815 3.23734e-06
1.8155 3.24616e-06
1.816 3.25492e-06
1.8165 3.26363e-06
1.817 3.27227e-06
1.8175 3.28087e-06
1.818 3.2894e-06
1.8185 3.29788e-06
1.819 3.3063e-06
1.8195 3.31467e-06
1.82 3.32298e-06
1.8205 3.33123e-06
1.821 3.33942e-06
1.8215 3.34756e-06
1.822 3.35563e-06
1.8225 3.36365e-06
1.823 3.37161e-06
1.8235 3.37952e-06
1.824 3.38736e-06
1.8245 3.39514e-06
1.825 3.40287e-06
1.8255 3.41053e-06
1.826 3.41814e-06
1.8265 3.42569e-06
1.827 3.43317e-06
1.8275 3.4406e-06
1.828 3.44796e-06
1.8285 3.45527e-06
1.829 3.46251e-06
1.8295 3.4697e-06
1.83 3.47682e-06
1.8305 3.48389e-06
1.831 3.49089e-06
1.8315 3.49783e-06
1.832 3.50471e-06
1.8325 3.51152e-06
1.833 3.51828e-06
1.8335 3.52497e-06
1.834 3.5316e-06
1.8345 3.53817e-06
1.835 3.54468e-06
1.8355 3.55112e-06
1.836 3.5575e-06
1.8365 3.56382e-06
1.837 3.57008e-06
1.8375 3.57627e-06
1.838 3.5824e-06
1.8385 3.58847e-06
1.839 3.59448e-06
1.8395 3.60042e-06
1.84 3.60629e-06
1.8405 3.61211e-06
1.841 3.61786e-06
1.8415 3.62355e-06
1.842 3.62917e-06
1.8425 3.63473e-06
1.843 3.64022e-06
1.8435 3.64565e-06
1.844 3.65102e-06
1.8445 3.65632e-06
1.845 3.66156e-06
1.8455 3.66674e-06
1.846 3.67184e-06
1.8465 3.67689e-06
1.847 3.68187e-06
1.8475 3.68679e-06
1.848 3.69164e-06
1.8485 3.69642e-06
1.849 3.70114e-06
1.8495 3.7058e-06
1.85 3.71039e-06
1.8505 3.71492e-06
1.851 3.71938e-06
1.8515 3.72378e-06
1.852 3.72811e-06
1.8525 3.73237e-06
1.853 3.73658e-06
1.8535 3.74071e-06
1.854 3.74478e-06
1.8545 3.74879e-06
1.855 3.75273e-06
1.8555 3.7566e-06
1.856 3.76041e-06
1.8565 3.76415e-06
1.857 3.76783e-06
1.8575 3.77145e-06
1.858 3.77499e-06
1.8585 3.77848e-06
1.859 3.78189e-06
1.8595 3.78524e-06
1.86 3.78853e-06
1.8605 3.79175e-06
1.861 3.7949e-06
1.8615 3.79799e-06
1.862 3.80102e-06
1.8625 3.80398e-06
1.863 3.80687e-06
1.8635 3.8097e-06
1.864 3.81246e-06
1.8645 3.81516e-06
1.865 3.81779e-06
1.8655 3.82035e-06
1.866 3.82285e-06
1.8665 3.82529e-06
1.867 3.82766e-06
1.8675 3.82996e-06
1.868 3.8322e-06
1.8685 3.83438e-06
1.869 3.83649e-06
1.8695 3.83853e-06
1.87 3.84051e-06
1.8705 3.84242e-06
1.871 3.84427e-06
1.8715 3.84606e-06
1.872 3.84778e-06
1.8725 3.84943e-06
1.873 3.85102e-06
1.8735 3.85255e-06
1.874 3.85401e-06
1.8745 3.8554e-06
1.875 3.85673e-06
1.8755 3.858e-06
1.876 3.8592e-06
1.8765 3.86034e-06
1.877 3.86141e-06
1.8775 3.86242e-06
1.878 3.86337e-06
1.8785 3.86425e-06
1.879 3.86507e-06
1.8795 3.86582e-06
1.88 3.86651e-06
1.8805 3.86714e-06
1.881 3.8677e-06
1.8815 3.8682e-06
1.882 3.86863e-06
1.8825 3.86901e-06
1.883 3.86932e-06
1.8835 3.86956e-06
1.884 3.86974e-06
1.8845 3.86986e-06
1.885 3.86992e-06
1.8855 3.86991e-06
1.886 3.86985e-06
1.8865 3.86971e-06
1.887 3.86952e-06
1.8875 3.86927e-06
1.888 3.86895e-06
1.8885 3.86857e-06
1.889 3.86812e-06
1.8895 3.86762e-06
1.89 3.86705e-06
1.8905 3.86643e-06
1.891 3.86574e-06
1.8915 3.86499e-06
1.892 3.86418e-06
1.8925 3.8633e-06
1.893 3.86237e-06
1.8935 3.86138e-06
1.894 3.86032e-06
1.8945 3.85921e-06
1.895 3.85803e-06
1.8955 3.85679e-06
1.896 3.8555e-06
1.8965 3.85414e-06
1.897 3.85272e-06
1.8975 3.85125e-06
1.898 3.84971e-06
1.8985 3.84812e-06
1.899 3.84646e-06
1.8995 3.84475e-06
1.9 3.84297e-06
1.9005 3.84114e-06
1.901 3.83925e-06
1.9015 3.8373e-06
1.902 3.8353e-06
1.9025 3.83323e-06
1.903 3.83111e-06
1.9035 3.82893e-06
1.904 3.82669e-06
1.9045 3.82439e-06
1.905 3.82204e-06
1.9055 3.81963e-06
1.906 3.81716e-06
1.9065 3.81464e-06
1.907 3.81206e-06
1.9075 3.80942e-06
1.908 3.80673e-06
1.9085 3.80398e-06
1.909 3.80117e-06
1.9095 3.79831e-06
1.91 3.79539e-06
1.9105 3.79242e-06
1.911 3.78939e-06
1.9115 3.78631e-06
1.912 3.78317e-06
1.9125 3.77998e-06
1.913 3.77673e-06
1.9135 3.77343e-06
1.914 3.77008e-06
1.9145 3.76667e-06
1.915 3.76321e-06
1.9155 3.75969e-06
1.916 3.75612e-06
1.9165 3.7525e-06
1.917 3.74883e-06
1.9175 3.7451e-06
1.918 3.74132e-06
1.9185 3.73749e-06
1.919 3.7336e-06
1.9195 3.72967e-06
1.92 3.72568e-06
1.9205 3.72164e-06
1.921 3.71755e-06
1.9215 3.71341e-06
1.922 3.70922e-06
1.9225 3.70498e-06
1.923 3.70069e-06
1.9235 3.69634e-06
1.924 3.69195e-06
1.9245 3.68751e-06
1.925 3.68302e-06
1.9255 3.67848e-06
1.926 3.67389e-06
1.9265 3.66925e-06
1.927 3.66456e-06
1.9275 3.65983e-06
1.928 3.65504e-06
1.9285 3.65021e-06
1.929 3.64533e-06
1.9295 3.64041e-06
1.93 3.63543e-06
1.9305 3.63041e-06
1.931 3.62534e-06
1.9315 3.62023e-06
1.932 3.61507e-06
1.9325 3.60986e-06
1.933 3.60461e-06
1.9335 3.59932e-06
1.934 3.59397e-06
1.9345 3.58859e-06
1.935 3.58315e-06
1.9355 3.57768e-06
1.936 3.57215e-06
1.9365 3.56659e-06
1.937 3.56098e-06
1.9375 3.55533e-06
1.938 3.54963e-06
1.9385 3.54389e-06
1.939 3.53811e-06
1.9395 3.53228e-06
1.94 3.52642e-06
1.9405 3.52051e-06
1.941 3.51456e-06
1.9415 3.50856e-06
1.942 3.50253e-06
1.9425 3.49645e-06
1.943 3.49034e-06
1.9435 3.48418e-06
1.944 3.47798e-06
1.9445 3.47175e-06
1.945 3.46547e-06
1.9455 3.45915e-06
1.946 3.4528e-06
1.9465 3.4464e-06
1.947 3.43997e-06
1.9475 3.43349e-06
1.948 3.42698e-06
1.9485 3.42043e-06
1.949 3.41385e-06
1.9495 3.40722e-06
1.95 3.40056e-06
1.9505 3.39386e-06
1.951 3.38712e-06
1.9515 3.38035e-06
1.952 3.37354e-06
1.9525 3.3667e-06
1.953 3.35982e-06
1.9535 3.3529e-06
1.954 3.34595e-06
1.9545 3.33897e-06
1.955 3.33195e-06
1.9555 3.32489e-06
1.956 3.3178e-06
1.9565 3.31068e-06
1.957 3.30352e-06
1.9575 3.29633e-06
1.958 3.28911e-06
1.9585 3.28185e-06
1.959 3.27457e-06
1.9595 3.26725e-06
1.96 3.25989e-06
1.9605 3.25251e-06
1.961 3.24509e-06
1.9615 3.23765e-06
1.962 3.23017e-06
1.9625 3.22266e-06
1.963 3.21512e-06
1.9635 3.20755e-06
1.964 3.19995e-06
1.9645 3.19232e-06
1.965 3.18467e-06
1.9655 3.17698e-06
1.966 3.16926e-06
1.9665 3.16152e-06
1.967 3.15375e-06
1.9675 3.14595e-06
1.968 3.13812e-06
1.9685 3.13026e-06
1.969 3.12238e-06
1.9695 3.11447e-06
1.97 3.10653e-06
1.9705 3.09857e-06
1.971 3.09058e-06
1.9715 3.08257e-06
1.972 3.07453e-06
1.9725 3.06646e-06
1.973 3.05837e-06
1.9735 3.05026e-06
1.974 3.04212e-06
1.9745 3.03396e-06
1.975 3.02577e-06
1.9755 3.01756e-06
1.976 3.00932e-06
1.9765 3.00107e-06
1.977 2.99279e-06
1.9775 2.98448e-06
1.978 2.97616e-06
1.9785 2.96781e-06
1.979 2.95944e-06
1.9795 2.95105e-06
1.98 2.94264e-06
1.9805 2.93421e-06
1.981 2.92576e-06
1.9815 2.91728e-06
1.982 2.90879e-06
1.9825 2.90028e-06
1.983 2.89174e-06
1.9835 2.88319e-06
1.984 2.87462e-06
1.9845 2.86603e-06
1.985 2.85742e-06
1.9855 2.8488e-06
1.986 2.84015e-06
1.9865 2.83149e-06
1.987 2.82281e-06
1.9875 2.81412e-06
1.988 2.8054e-06
1.9885 2.79667e-06
1.989 2.78793e-06
1.9895 2.77916e-06
1.99 2.77039e-06
1.9905 2.76159e-06
1.991 2.75278e-06
1.9915 2.74396e-06
1.992 2.73512e-06
1.9925 2.72627e-06
1.993 2.7174e-06
1.9935 2.70852e-06
1.994 2.69963e-06
1.9945 2.69072e-06
1.995 2.6818e-06
1.9955 2.67287e-06
1.996 2.66392e-06
1.9965 2.65496e-06
1.997 2.64599e-06
1.9975 2.63701e-06
1.998 2.62802e-06
1.9985 2.61901e-06
1.999 2.60999e-06
1.9995 2.60097e-06
2 2.59193e-06
2.0005 2.58288e-06
2.001 2.57382e-06
2.0015 2.56476e-06
2.002 2.55568e-06
2.0025 2.5466e-06
2.003 2.5375e-06
2.0035 2.5284e-06
2.004 2.51929e-06
2.0045 2.51017e-06
2.005 2.50104e-06
2.0055 2.4919e-06
2.006 2.48276e-06
2.0065 2.47361e-06
2.007 2.46445e-06
2.0075 2.45529e-06
2.008 2.44612e-06
2.0085 2.43694e-06
2.009 2.42776e-06
2.0095 2.41858e-06
2.01 2.40938e-06
2.0105 2.40019e-06
2.011 2.39098e-06
2.0115 2.38178e-06
2.012 2.37256e-06
2.0125 2.36335e-06
2.013 2.35413e-06
2.0135 2.34491e-06
2.014 2.33568e-06
2.0145 2.32645e-06
2.015 2.31722e-06
2.0155 2.30798e-06
2.016 2.29875e-06
2.0165 2.28951e-06
2.017 2.28026e-06
2.0175 2.27102e-06
2.018 2.26178e-06
2.0185 2.25253e-06
2.019 2.24328e-06
2.0195 2.23404e-06
2.02 2.22479e-06
2.0205 2.21554e-06
2.021 2.20629e-06
2.0215 2.19705e-06
2.022 2.1878e-06
2.0225 2.17855e-06
2.023 2.16931e-06
2.0235 2.16006e-06
2.024 2.15082e-06
2.0245 2.14158e-06
2.025 2.13234e-06
2.0255 2.1231e-06
2.026 2.11387e-06
2.0265 2.10463e-06
2.027 2.0954e-06
2.0275 2.08618e-06
2.028 2.07695e-06
2.0285 2.06773e-06
2.029 2.05852e-06
2.0295 2.04931e-06
2.03 2.0401e-06
2.0305 2.03089e-06
2.031 2.02169e-06
2.0315 2.0125e-06
2.032 2.00331e-06
2.0325 1.99413e-06
2.033 1.98495e-06
2.0335 1.97578e-06
2.034 1.96661e-06
2.0345 1.95745e-06
2.035 1.94829e-06
2.0355 1.93915e-06
2.036 1.93e-06
2.0365 1.92087e-06
2.037 1.91174e-06
2.0375 1.90262e-06
2.038 1.89351e-06
2.0385 1.88441e-06
2.039 1.87531e-06
2.0395 1.86622e-06
2.04 1.85714e-06
2.0405 1.84807e-06
2.041 1.83901e-06
2.0415 1.82996e-06
2.042 1.82091e-06
2.0425 1.81188e-06
2.043 1.80285e-06
2.0435 1.79384e-06
2.044 1.78483e-06
2.0445 1.77584e-06
2.045 1.76685e-06
2.0455 1.75788e-06
2.046 1.74892e-06
2.0465 1.73997e-06
2.047 1.73103e-06
2.0475 1.7221e-06
2.048 1.71318e-06
2.0485 1.70427e-06
2.049 1.69538e-06
2.0495 1.6865e-06
2.05 1.67763e-06
2.0505 1.66877e-06
2.051 1.65993e-06
2.0515 1.6511e-06
2.052 1.64228e-06
2.0525 1.63347e-06
2.053 1.62468e-06
2.0535 1.6159e-06
2.054 1.60714e-06
2.0545 1.59839e-06
2.055 1.58965e-06
2.0555 1.58093e-06
2.056 1.57223e-06
2.0565 1.56353e-06
2.057 1.55486e-06
2.0575 1.54619e-06
2.058 1.53755e-06
2.0585 1.52891e-06
2.059 1.5203e-06
2.0595 1.5117e-06
2.06 1.50311e-06
2.0605 1.49454e-06
2.061 1.48599e-06
2.0615 1.47745e-06
2.062 1.46893e-06
2.0625 1.46043e-06
2.063 1.45194e-06
2.0635 1.44348e-06
2.064 1.43502e-06
2.0645 1.42659e-06
2.065 1.41817e-06
2.0655 1.40977e-06
2.066 1.40139e-06
2.0665 1.39303e-06
2.067 1.38468e-06
2.0675 1.37635e-06
2.068 1.36804e-06
2.0685 1.35975e-06
2.069 1.35148e-06
2.0695 1.34323e-06
2.07 1.33499e-06
2.0705 1.32678e-06
2.071 1.31858e-06
2.0715 1.3104e-06
2.072 1.30225e-06
2.0725 1.29411e-06
2.073 1.28599e-06
2.0735 1.27789e-06
2.074 1.26981e-06
2.0745 1.26176e-06
2.075 1.25372e-06
2.0755 1.2457e-06
2.076 1.23771e-06
2.0765 1.22973e-06
2.077 1.22178e-06
2.0775 1.21384e-06
2.078 1.20593e-06
2.0785 1.19804e-06
2.079 1.19017e-06
2.0795 1.18232e-06
2.08 1.1745e-06
2.0805 1.16669e-06
2.081 1.15891e-06
2.0815 1.15115e-06
2.082 1.14341e-06
2.0825 1.13569e-06
2.083 1.128e-06
2.0835 1.12032e-06
2.084 1.11267e-06
2.0845 1.10505e-06
2.085 1.09744e-06
2.0855 1.08986e-06
2.086 1.08231e-06
2.0865 1.07477e-06
2.087 1.06726e-06
2.0875 1.05977e-06
2.088 1.05231e-06
2.0885 1.04486e-06
2.089 1.03745e-06
2.0895 1.03005e-06
2.09 1.02268e-06
2.0905 1.01534e-06
2.091 1.00801e-06
2.0915 1.00072e-06
2.092 9.93442e-07
2.0925 9.86192e-07
2.093 9.78967e-07
2.0935 9.71767e-07
2.094 9.64591e-07
2.0945 9.5744e-07
2.095 9.50313e-07
2.0955 9.43212e-07
2.096 9.36135e-07
2.0965 9.29084e-07
2.097 9.22057e-07
2.0975 9.15056e-07
2.098 9.0808e-07
2.0985 9.0113e-07
2.099 8.94204e-07
2.0995 8.87305e-07
2.1 8.80431e-07
2.1005 8.73583e-07
2.101 8.6676e-07
2.1015 8.59964e-07
2.102 8.53193e-07
2.1025 8.46449e-07
2.103 8.3973e-07
2.1035 8.33038e-07
2.104 8.26371e-07
2.1045 8.19731e-07
2.105 8.13118e-07
2.1055 8.06531e-07
2.106 7.9997e-07
2.1065 7.93436e-07
2.107 7.86928e-07
2.1075 7.80447e-07
2.108 7.73993e-07
2.1085 7.67566e-07
2.109 7.61165e-07
2.1095 7.54791e-07
2.11 7.48445e-07
2.1105 7.42125e-07
2.111 7.35832e-07
2.1115 7.29567e-07
2.112 7.23329e-07
2.1125 7.17118e-07
2.113 7.10934e-07
2.1135 7.04777e-07
2.114 6.98648e-07
2.1145 6.92546e-07
2.115 6.86472e-07
2.1155 6.80425e-07
2.116 6.74406e-07
2.1165 6.68415e-07
2.117 6.62451e-07
2.1175 6.56514e-07
2.118 6.50606e-07
2.1185 6.44725e-07
2.119 6.38872e-07
2.1195 6.33047e-07
2.12 6.2725e-07
2.1205 6.2148e-07
2.121 6.15739e-07
2.1215 6.10025e-07
2.122 6.0434e-07
2.1225 5.98682e-07
2.123 5.93053e-07
2.1235 5.87452e-07
2.124 5.81878e-07
2.1245 5.76333e-07
2.125 5.70816e-07
2.1255 5.65328e-07
2.126 5.59867e-07
2.1265 5.54435e-07
2.127 5.49031e-07
2.1275 5.43655e-07
2.128 5.38308e-07
2.1285 5.32988e-07
2.129 5.27698e-07
2.1295 5.22435e-07
2.13 5.17201e-07
2.1305 5.11995e-07
2.131 5.06818e-07
2.1315 5.01669e-07
2.132 4.96549e-07
2.1325 4.91456e-07
2.133 4.86393e-07
2.1335 4.81358e-07
2.134 4.76351e-07
2.1345 4.71372e-07
2.135 4.66423e-07
2.1355 4.61501e-07
2.136 4.56608e-07
2.1365 4.51744e-07
2.137 4.46908e-07
2.1375 4.421e-07
2.138 4.37321e-07
2.1385 4.32571e-07
2.139 4.27849e-07
2.1395 4.23155e-07
2.14 4.1849e-07
2.1405 4.13853e-07
2.141 4.09245e-07
2.1415 4.04665e-07
2.142 4.00114e-07
2.1425 3.95591e-07
2.143 3.91096e-07
2.1435 3.8663e-07
2.144 3.82192e-07
2.1445 3.77783e-07
2.145 3.73402e-07
2.1455 3.69049e-07
2.146 3.64725e-07
2.1465 3.60429e-07
2.147 3.56162e-07
2.1475 3.51922e-07
2.148 3.47711e-07
2.1485 3.43529e-07
2.149 3.39374e-07
2.1495 3.35248e-07
2.15 3.3115e-07
2.1505 3.2708e-07
2.151 3.23038e-07
2.1515 3.19024e-07
2.152 3.15039e-07
2.1525 3.11081e-07
2.153 3.07152e-07
2.1535 3.03251e-07
2.154 2.99377e-07
2.1545 2.95532e-07
2.155 2.91714e-07
2.1555 2.87925e-07
2.156 2.84163e-07
2.1565 2.80429e-07
2.157 2.76723e-07
2.1575 2.73045e-07
2.158 2.69394e-07
2.1585 2.65771e-07
2.159 2.62176e-07
2.1595 2.58609e-07
2.16 2.55069e-07
2.1605 2.51556e-07
2.161 2.48072e-07
2.1615 2.44614e-07
2.162 2.41184e-07
2.1625 2.37782e-07
2.163 2.34406e-07
2.1635 2.31059e-07
2.164 2.27738e-07
2.1645 2.24445e-07
2.165 2.21178e-07
2.1655 2.17939e-07
2.166 2.14727e-07
2.1665 2.11542e-07
2.167 2.08384e-07
2.1675 2.05253e-07
2.168 2.02149e-07
2.1685 1.99072e-07
2.169 1.96021e-07
2.1695 1.92997e-07
2.17 1.9e-07
2.1705 1.8703e-07
2.171 1.84086e-07
2.1715 1.81168e-07
2.172 1.78277e-07
2.1725 1.75413e-07
2.173 1.72575e-07
2.1735 1.69763e-07
2.174 1.66977e-07
2.1745 1.64218e-07
2.175 1.61484e-07
2.1755 1.58777e-07
2.176 1.56096e-07
2.1765 1.5344e-07
2.177 1.50811e-07
2.1775 1.48207e-07
2.178 1.45629e-07
2.1785 1.43077e-07
2.179 1.40551e-07
2.1795 1.3805e-07
2.18 1.35574e-07
2.1805 1.33124e-07
2.181 1.307e-07
2.1815 1.283e-07
2.182 1.25926e-07
2.1825 1.23577e-07
2.183 1.21253e-07
2.1835 1.18954e-07
2.184 1.1668e-07
2.1845 1.14431e-07
2.185 1.12207e-07
2.1855 1.10008e-07
2.186 1.07833e-07
2.1865 1.05683e-07
2.187 1.03557e-07
2.1875 1.01456e-07
2.188 9.9379e-08
2.1885 9.73265e-08
2.189 9.52982e-08
2.1895 9.32941e-08
2.19 9.1314e-08
2.1905 8.93579e-08
2.191 8.74258e-08
2.1915 8.55175e-08
2.192 8.36329e-08
2.1925 8.17721e-08
2.193 7.99349e-08
2.1935 7.81212e-08
2.194 7.63309e-08
2.1945 7.4564e-08
2.195 7.28204e-08
2.1955 7.11001e-08
2.196 6.94028e-08
2.1965 6.77286e-08
2.197 6.60773e-08
2.1975 6.44489e-08
2.198 6.28434e-08
2.1985 6.12605e-08
2.199 5.97002e-08
2.1995 5.81625e-08
2.2 5.66473e-08
2.2005 5.51544e-08
2.201 5.36838e-08
2.2015 5.22354e-08
2.202 5.08091e-08
2.2025 4.94048e-08
2.203 4.80224e-08
2.2035 4.6662e-08
2.204 4.53232e-08
2.2045 4.40061e-08
2.205 4.27107e-08
2.2055 4.14367e-08
2.206 4.01841e-08
2.2065 3.89528e-08
2.207 3.77427e-08
2.2075 3.65538e-08
2.208 3.53859e-08
2.2085 3.42389e-08
2.209 3.31128e-08
2.2095 3.20075e-08
2.21 3.09228e-08
2.2105 2.98587e-08
2.211 2.88151e-08
2.2115 2.77919e-08
2.212 2.6789e-08
2.2125 2.58062e-08
2.213 2.48436e-08
2.2135 2.3901e-08
2.214 2.29783e-08
2.2145 2.20755e-08
2.215 2.11923e-08
2.2155 2.03288e-08
2.216 1.94848e-08
2.2165 1.86603e-08
2.217 1.78551e-08
2.2175 1.70692e-08
2.218 1.63024e-08
2.2185 1.55546e-08
2.219 1.48258e-08
2.2195 1.41159e-08
2.22 1.34247e-08
2.2205 1.27522e-08
2.221 1.20982e-08
2.2215 1.14627e-08
2.222 1.08455e-08
2.2225 1.02467e-08
2.223 9.66594e-09
2.2235 9.10328e-09
2.224 8.5586e-09
2.2245 8.03177e-09
2.225 7.52272e-09
2.2255 7.03132e-09
2.226 6.5575e-09
2.2265 6.10113e-09
2.227 5.66213e-09
2.2275 5.24039e-09
2.228 4.83581e-09
2.2285 4.44829e-09
2.229 4.07773e-09
2.2295 3.72402e-09
2.23 3.38707e-09
2.2305 3.06677e-09
2.231 2.76302e-09
2.2315 2.47573e-09
2.232 2.20477e-09
2.2325 1.95007e-09
2.233 1.7115e-09
2.2335 1.48898e-09
2.234 1.28239e-09
2.2345 1.09163e-09
2.235 9.16606e-10
2.2355 7.5721e-10
2.236 6.13339e-10
2.2365 4.84889e-10
2.237 3.71759e-10
2.2375 2.73843e-10
2.238 1.9104e-10
2.2385 1.23245e-10
2.239 7.03556e-11
2.2395 3.22675e-11
2.24 8.8772e-12
2.2405 8.11638e-14
2.241 5.77563e-12
2.2415 2.58568e-11
2.242 6.0221e-11
2.2425 1.08764e-10
2.243 1.71383e-10
2.2435 2.47972e-10
2.244 3.3843e-10
2.2445 4.4265e-10
2.245 5.6053e-10
2.2455 6.91966e-10
2.246 8.36853e-10
2.2465 9.95088e-10
2.247 1.16657e-09
2.2475 1.35118e-09
2.248 1.54884e-09
2.2485 1.75942e-09
2.249 1.98284e-09
2.2495 2.21897e-09
2.25 2.46773e-09
2.2505 2.729e-09
2.251 3.00269e-09
2.2515 3.28868e-09
2.252 3.58688e-09
2.2525 3.89717e-09
2.253 4.21947e-09
2.2535 4.55366e-09
2.254 4.89964e-09
2.2545 5.2573e-09
2.255 5.62655e-09
2.2555 6.00728e-09
2.256 6.39938e-09
2.2565 6.80276e-09
2.257 7.2173e-09
2.2575 7.64291e-09
2.258 8.07949e-09
2.2585 8.52693e-09
2.259 8.98512e-09
2.2595 9.45397e-09
2.26 9.93337e-09
2.2605 1.04232e-08
2.261 1.09234e-08
2.2615 1.14339e-08
2.262 1.19544e-08
2.2625 1.24851e-08
2.263 1.30256e-08
2.2635 1.3576e-08
2.264 1.41362e-08
2.2645 1.47059e-08
2.265 1.52852e-08
2.2655 1.5874e-08
2.266 1.6472e-08
2.2665 1.70793e-08
2.267 1.76957e-08
2.2675 1.83212e-08
2.268 1.89555e-08
2.2685 1.95987e-08
2.269 2.02506e-08
2.2695 2.09112e-08
2.27 2.15802e-08
2.2705 2.22577e-08
2.271 2.29435e-08
2.2715 2.36376e-08
2.272 2.43397e-08
2.2725 2.50499e-08
2.273 2.5768e-08
2.2735 2.6494e-08
2.274 2.72277e-08
2.2745 2.7969e-08
2.275 2.87178e-08
2.2755 2.94741e-08
2.276 3.02377e-08
2.2765 3.10085e-08
2.277 3.17865e-08
2.2775 3.25716e-08
2.278 3.33636e-08
2.2785 3.41624e-08
2.279 3.4968e-08
2.2795 3.57803e-08
2.28 3.65991e-08
2.2805 3.74244e-08
2.281 3.8256e-08
2.2815 3.90939e-08
2.282 3.9938e-08
2.2825 4.07882e-08
2.283 4.16444e-08
2.2835 4.25065e-08
2.284 4.33744e-08
2.2845 4.4248e-08
2.285 4.51272e-08
2.2855 4.60119e-08
2.286 4.6902e-08
2.2865 4.77975e-08
2.287 4.86982e-08
2.2875 4.96041e-08
2.288 5.0515e-08
2.2885 5.14309e-08
2.289 5.23517e-08
2.2895 5.32772e-08
2.29 5.42075e-08
2.2905 5.51423e-08
2.291 5.60817e-08
2.2915 5.70254e-08
2.292 5.79741e-08
2.2925 5.89264e-08
2.293 5.98823e-08
2.2935 6.08429e-08
2.294 6.18074e-08
2.2945 6.27758e-08
2.295 6.3748e-08
2.2955 6.47239e-08
2.296 6.57034e-08
2.2965 6.66864e-08
2.297 6.76729e-08
2.2975 6.86628e-08
2.298 6.96559e-08
2.2985 7.06522e-08
2.299 7.16516e-08
2.2995 7.2654e-08
2.3 7.36594e-08
2.3005 7.46676e-08
2.301 7.56785e-08
2.3015 7.66921e-08
2.302 7.77083e-08
2.3025 7.87271e-08
2.303 7.97482e-08
2.3035 8.07717e-08
2.304 8.17975e-08
2.3045 8.28254e-08
2.305 8.38554e-08
2.3055 8.48874e-08
2.306 8.59214e-08
2.3065 8.69572e-08
2.307 8.79948e-08
2.3075 8.90341e-08
2.308 9.0075e-08
2.3085 9.11174e-08
2.309 9.21613e-08
2.3095 9.32065e-08
2.31 9.42531e-08
2.3105 9.53008e-08
2.311 9.63497e-08
2.3115 9.73997e-08
2.312 9.84506e-08
2.3125 9.95025e-08
2.313 1.00555e-07
2.3135 1.01609e-07
2.314 1.02663e-07
2.3145 1.03717e-07
2.315 1.04773e-07
2.3155 1.05828e-07
2.316 1.06885e-07
2.3165 1.07941e-07
2.317 1.08998e-07
2.3175 1.10054e-07
2.318 1.11111e-07
2.3185 1.12168e-07
2.319 1.13225e-07
2.3195 1.14282e-07
2.32 1.15338e-07
2.3205 1.16395e-07
2.321 1.1745e-07
2.3215 1.18506e-07
2.322 1.19561e-07
2.3225 1.20616e-07
2.323 1.21669e-07
2.3235 1.22723e-07
2.324 1.23775e-07
2.3245 1.24827e-07
2.325 1.25877e-07
2.3255 1.26927e-07
2.326 1.27976e-07
2.3265 1.29024e-07
2.327 1.3007e-07
2.3275 1.31116e-07
2.328 1.3216e-07
2.3285 1.33202e-07
2.329 1.34244e-07
2.3295 1.35283e-07
2.33 1.36322e-07
2.3305 1.37358e-07
2.331 1.38394e-07
2.3315 1.39427e-07
2.332 1.40458e-07
2.3325 1.41488e-07
2.333 1.42516e-07
2.3335 1.43542e-07
2.334 1.44565e-07
2.3345 1.45587e-07
2.335 1.46607e-07
2.3355 1.47624e-07
2.336 1.48639e-07
2.3365 1.49652e-07
2.337 1.50662e-07
2.3375 1.5167e-07
2.338 1.52676e-07
2.3385 1.53679e-07
2.339 1.54679e-07
2.3395 1.55677e-07
2.34 1.56672e-07
2.3405 1.57664e-07
2.341 1.58653e-07
2.3415 1.5964e-07
2.342 1.60623e-07
2.3425 1.61604e-07
2.343 1.62582e-07
2.3435 1.63556e-07
2.344 1.64527e-07
2.3445 1.65496e-07
2.345 1.66461e-07
2.3455 1.67422e-07
2.346 1.6838e-07
2.3465 1.69335e-07
2.347 1.70287e-07
2.3475 1.71235e-07
2.348 1.72179e-07
2.3485 1.7312e-07
2.349 1.74057e-07
2.3495 1.74991e-07
2.35 1.75921e-07
2.3505 1.76847e-07
2.351 1.77769e-07
2.3515 1.78688e-07
2.352 1.79602e-07
2.3525 1.80513e-07
2.353 1.81419e-07
2.3535 1.82322e-07
2.354 1.8322e-07
2.3545 1.84114e-07
2.355 1.85005e-07
2.3555 1.85891e-07
2.356 1.86772e-07
2.3565 1.8765e-07
2.357 1.88523e-07
2.3575 1.89391e-07
2.358 1.90256e-07
2.3585 1.91116e-07
2.359 1.91971e-07
2.3595 1.92822e-07
2.36 1.93668e-07
2.3605 1.9451e-07
2.361 1.95347e-07
2.3615 1.96179e-07
2.362 1.97007e-07
2.3625 1.9783e-07
2.363 1.98648e-07
2.3635 1.99461e-07
2.364 2.00269e-07
2.3645 2.01073e-07
2.365 2.01872e-07
2.3655 2.02665e-07
2.366 2.03454e-07
2.3665 2.04237e-07
2.367 2.05016e-07
2.3675 2.0579e-07
2.368 2.06558e-07
2.3685 2.07321e-07
2.369 2.08079e-07
2.3695 2.08832e-07
2.37 2.0958e-07
2.3705 2.10322e-07
2.371 2.11059e-07
2.3715 2.11791e-07
2.372 2.12517e-07
2.3725 2.13238e-07
2.373 2.13953e-07
2.3735 2.14664e-07
2.374 2.15368e-07
2.3745 2.16067e-07
2.375 2.16761e-07
2.3755 2.17449e-07
2.376 2.18132e-07
2.3765 2.18809e-07
2.377 2.1948e-07
2.3775 2.20145e-07
2.378 2.20805e-07
2.3785 2.2146e-07
2.379 2.22108e-07
2.3795 2.22751e-07
2.38 2.23388e-07
2.3805 2.2402e-07
2.381 2.24645e-07
2.3815 2.25265e-07
2.382 2.25879e-07
2.3825 2.26487e-07
2.383 2.27089e-07
2.3835 2.27686e-07
2.384 2.28276e-07
2.3845 2.2886e-07
2.385 2.29439e-07
2.3855 2.30011e-07
2.386 2.30578e-07
2.3865 2.31138e-07
2.387 2.31693e-07
2.3875 2.32241e-07
2.388 2.32784e-07
2.3885 2.3332e-07
2.389 2.33851e-07
2.3895 2.34375e-07
2.39 2.34893e-07
2.3905 2.35405e-07
2.391 2.35911e-07
2.3915 2.3641e-07
2.392 2.36904e-07
2.3925 2.37391e-07
2.393 2.37872e-07
2.3935 2.38347e-07
2.394 2.38816e-07
2.3945 2.39279e-07
2.395 2.39735e-07
2.3955 2.40185e-07
2.396 2.40629e-07
2.3965 2.41067e-07
2.397 2.41498e-07
2.3975 2.41923e-07
2.398 2.42342e-07
2.3985 2.42755e-07
2.399 2.43161e-07
2.3995 2.43561e-07
2.4 2.43954e-07
2.4005 2.44342e-07
2.401 2.44722e-07
2.4015 2.45097e-07
2.402 2.45465e-07
2.4025 2.45827e-07
2.403 2.46183e-07
2.4035 2.46532e-07
2.404 2.46875e-07
2.4045 2.47212e-07
2.405 2.47542e-07
2.4055 2.47866e-07
2.406 2.48183e-07
2.4065 2.48494e-07
2.407 2.48799e-07
2.4075 2.49098e-07
2.408 2.4939e-07
2.4085 2.49675e-07
2.409 2.49954e-07
2.4095 2.50227e-07
2.41 2.50494e-07
2.4105 2.50754e-07
2.411 2.51008e-07
2.4115 2.51255e-07
2.412 2.51496e-07
2.4125 2.51731e-07
2.413 2.51959e-07
2.4135 2.52181e-07
2.414 2.52397e-07
2.4145 2.52606e-07
2.415 2.52809e-07
2.4155 2.53005e-07
2.416 2.53196e-07
2.4165 2.53379e-07
2.417 2.53557e-07
2.4175 2.53728e-07
2.418 2.53893e-07
2.4185 2.54052e-07
2.419 2.54204e-07
2.4195 2.5435e-07
2.42 2.54489e-07
2.4205 2.54623e-07
2.421 2.5475e-07
2.4215 2.5487e-07
2.422 2.54985e-07
2.4225 2.55093e-07
2.423 2.55195e-07
2.4235 2.5529e-07
2.424 2.5538e-07
2.4245 2.55463e-07
2.425 2.5554e-07
2.4255 2.55611e-07
2.426 2.55675e-07
2.4265 2.55734e-07
2.427 2.55786e-07
2.4275 2.55832e-07
2.428 2.55872e-07
2.4285 2.55905e-07
2.429 2.55933e-07
2.4295 2.55954e-07
2.43 2.55969e-07
2.4305 2.55979e-07
2.431 2.55982e-07
2.4315 2.55979e-07
2.432 2.5597e-07
2.4325 2.55954e-07
2.433 2.55933e-07
2.4335 2.55906e-07
2.434 2.55873e-07
2.4345 2.55834e-07
2.435 2.55788e-07
2.4355 2.55737e-07
2.436 2.5568e-07
2.4365 2.55617e-07
2.437 2.55548e-07
2.4375 2.55473e-07
2.438 2.55392e-07
2.4385 2.55306e-07
2.439 2.55213e-07
2.4395 2.55115e-07
2.44 2.55011e-07
2.4405 2.549e-07
2.441 2.54785e-07
2.4415 2.54663e-07
2.442 2.54536e-07
2.4425 2.54403e-07
2.443 2.54264e-07
2.4435 2.54119e-07
2.444 2.53969e-07
2.4445 2.53813e-07
2.445 2.53652e-07
2.4455 2.53484e-07
2.446 2.53312e-07
2.4465 2.53133e-07
2.447 2.52949e-07
2.4475 2.5276e-07
2.448 2.52565e-07
2.4485 2.52364e-07
2.449 2.52158e-07
2.4495 2.51947e-07
2.45 2.5173e-07
2.4505 2.51507e-07
2.451 2.5128e-07
2.4515 2.51046e-07
2.452 2.50808e-07
2.4525 2.50564e-07
2.453 2.50315e-07
2.4535 2.5006e-07
2.454 2.49801e-07
2.4545 2.49536e-07
2.455 2.49265e-07
2.4555 2.4899e-07
2.456 2.48709e-07
2.4565 2.48424e-07
2.457 2.48133e-07
2.4575 2.47837e-07
2.458 2.47536e-07
2.4585 2.47229e-07
2.459 2.46918e-07
2.4595 2.46602e-07
2.46 2.46281e-07
2.4605 2.45954e-07
2.461 2.45623e-07
2.4615 2.45287e-07
2.462 2.44946e-07
2.4625 2.44601e-07
2.463 2.4425e-07
2.4635 2.43894e-07
2.464 2.43534e-07
2.4645 2.43169e-07
2.465 2.42799e-07
2.4655 2.42425e-07
2.466 2.42046e-07
2.4665 2.41662e-07
2.467 2.41273e-07
2.4675 2.4088e-07
2.468 2.40483e-07
2.4685 2.4008e-07
2.469 2.39674e-07
2.4695 2.39262e-07
2.47 2.38847e-07
2.4705 2.38427e-07
2.471 2.38002e-07
2.4715 2.37573e-07
2.472 2.3714e-07
2.4725 2.36702e-07
2.473 2.3626e-07
2.4735 2.35814e-07
2.474 2.35363e-07
2.4745 2.34909e-07
2.475 2.3445e-07
2.4755 2.33987e-07
2.476 2.33519e-07
2.4765 2.33048e-07
2.477 2.32573e-07
2.4775 2.32093e-07
2.478 2.3161e-07
2.4785 2.31122e-07
2.479 2.30631e-07
2.4795 2.30135e-07
2.48 2.29636e-07
2.4805 2.29133e-07
2.481 2.28626e-07
2.4815 2.28115e-07
2.482 2.276e-07
2.4825 2.27082e-07
2.483 2.2656e-07
2.4835 2.26034e-07
2.484 2.25505e-07
2.4845 2.24971e-07
2.485 2.24435e-07
2.4855 2.23894e-07
2.486 2.23351e-07
2.4865 2.22803e-07
2.487 2.22252e-07
2.4875 2.21698e-07
2.488 2.2114e-07
2.4885 2.20579e-07
2.489 2.20014e-07
2.4895 2.19447e-07
2.49 2.18875e-07
2.4905 2.18301e-07
2.491 2.17723e-07
2.4915 2.17142e-07
2.492 2.16558e-07
2.4925 2.15971e-07
2.493 2.15381e-07
2.4935 2.14787e-07
2.494 2.14191e-07
2.4945 2.13591e-07
2.495 2.12989e-07
2.4955 2.12383e-07
2.496 2.11775e-07
2.4965 2.11163e-07
2.497 2.10549e-07
2.4975 2.09932e-07
2.498 2.09312e-07
2.4985 2.08689e-07
2.499 2.6312e-07
2.4995 2.07436e-07
