0 0
0.0005 5.92921e-58
0.001 3.88576e-53
0.0015 2.55231e-50
0.002 2.54655e-48
0.0025 9.04709e-47
0.003 1.67265e-45
0.0035 1.97038e-44
0.004 1.66884e-43
0.0045 1.09863e-42
0.005 5.92876e-42
0.0055 2.7242e-41
0.006 1.0961e-40
0.0065 3.94488e-40
0.007 1.29116e-39
0.0075 3.89387e-39
0.008 1.09353e-38
0.0085 2.88458e-38
0.009 7.19861e-38
0.0095 1.70975e-37
0.01 3.88457e-37
0.0105 8.47926e-37
0.011 1.78483e-36
0.0115 3.63467e-36
0.012 7.18098e-36
0.0125 1.37984e-35
0.013 2.58431e-35
0.0135 4.72686e-35
0.014 8.4579e-35
0.0145 1.4828e-34
0.015 2.55056e-34
0.0155 4.30985e-34
0.016 7.16231e-34
0.0165 1.1718e-33
0.017 1.88917e-33
0.0175 3.00383e-33
0.018 4.71414e-33
0.0185 7.30745e-33
0.019 1.11957e-32
0.0195 1.69637e-32
0.02 2.54343e-32
0.0205 3.77551e-32
0.021 5.55129e-32
0.0215 8.08858e-32
0.022 1.1684e-31
0.0225 1.67386e-31
0.023 2.3791e-31
0.0235 3.356e-31
0.024 4.69985e-31
0.0245 6.53626e-31
0.025 9.02981e-31
0.0255 1.2395e-30
0.026 1.691e-30
0.0265 2.29334e-30
0.027 3.09257e-30
0.0275 4.14749e-30
0.028 5.53291e-30
0.0285 7.34354e-30
0.029 9.69877e-30
0.0295 1.27486e-29
0.03 1.66805e-29
0.0305 2.17283e-29
0.031 2.81822e-29
0.0315 3.64011e-29
0.032 4.68277e-29
0.0325 6.00059e-29
0.033 7.66018e-29
0.0335 9.7429e-29
0.034 1.23478e-28
0.0345 1.5595e-28
0.035 1.96301e-28
0.0355 2.46286e-28
0.036 3.0802e-28
0.0365 3.84039e-28
0.037 4.77384e-28
0.0375 5.91685e-28
0.038 7.31269e-28
0.0385 9.01281e-28
0.039 1.10782e-27
0.0395 1.35812e-27
0.04 1.6607e-27
0.0405 2.02562e-27
0.041 2.4647e-27
0.0415 2.99182e-27
0.042 3.62326e-27
0.0425 4.37801e-27
0.043 5.27827e-27
0.0435 6.3499e-27
0.044 7.62294e-27
0.0445 9.13231e-27
0.045 1.09184e-26
0.0455 1.30281e-26
0.046 1.55154e-26
0.0465 1.84427e-26
0.047 2.18816e-26
0.0475 2.59148e-26
0.048 3.0637e-26
0.0485 3.61567e-26
0.049 4.25984e-26
0.0495 5.01041e-26
0.05 5.8836e-26
0.0505 6.89791e-26
0.051 8.0744e-26
0.0515 9.43701e-26
0.052 1.10129e-25
0.0525 1.2833e-25
0.053 1.49322e-25
0.0535 1.73499e-25
0.054 2.0131e-25
0.0545 2.33258e-25
0.055 2.69912e-25
0.0555 3.11912e-25
0.056 3.5998e-25
0.0565 4.14925e-25
0.057 4.77657e-25
0.0575 5.49196e-25
0.058 6.30684e-25
0.0585 7.23402e-25
0.059 8.2878e-25
0.0595 9.48416e-25
0.06 1.0841e-24
0.0605 1.23781e-24
0.061 1.41176e-24
0.0615 1.60844e-24
0.062 1.83057e-24
0.0625 2.08121e-24
0.063 2.36375e-24
0.0635 2.68193e-24
0.064 3.03992e-24
0.0645 3.44232e-24
0.065 3.89424e-24
0.0655 4.40131e-24
0.066 4.96977e-24
0.0665 5.60648e-24
0.067 6.31904e-24
0.0675 7.11582e-24
0.068 8.00601e-24
0.0685 8.99976e-24
0.069 1.01082e-23
0.0695 1.13437e-23
0.07 1.27196e-23
0.0705 1.42507e-23
0.071 1.59532e-23
0.0715 1.78449e-23
0.072 1.99454e-23
0.0725 2.22758e-23
0.073 2.48596e-23
0.0735 2.77221e-23
0.074 3.08914e-23
0.0745 3.43978e-23
0.075 3.82746e-23
0.0755 4.25579e-23
0.076 4.72874e-23
0.0765 5.25059e-23
0.077 5.82605e-23
0.0775 6.4602e-23
0.078 7.1586e-23
0.0785 7.92728e-23
0.079 8.77278e-23
0.0795 9.70223e-23
0.08 1.07233e-22
0.0805 1.18445e-22
0.081 1.30748e-22
0.0815 1.4424e-22
0.082 1.59058e-22
0.0825 1.75262e-22
0.083 1.93003e-22
0.0835 2.12415e-22
0.084 2.33646e-22
0.0845 2.56852e-22
0.085 2.82205e-22
0.0855 3.09889e-22
0.086 3.40101e-22
0.0865 3.73057e-22
0.087 4.08986e-22
0.0875 4.48139e-22
0.088 4.90782e-22
0.0885 5.37205e-22
0.089 5.87717e-22
0.0895 6.42654e-22
0.09 7.02373e-22
0.0905 7.67263e-22
0.091 8.37736e-22
0.0915 9.1424e-22
0.092 9.97251e-22
0.0925 1.08728e-21
0.093 1.18489e-21
0.0935 1.29066e-21
0.094 1.40522e-21
0.0945 1.52926e-21
0.095 1.6635e-21
0.0955 1.80872e-21
0.096 1.96576e-21
0.0965 2.13549e-21
0.097 2.31888e-21
0.0975 2.51695e-21
0.098 2.73078e-21
0.0985 2.96153e-21
0.099 3.21046e-21
0.0995 3.47889e-21
0.1 3.76823e-21
0.1005 4.08e-21
0.101 4.4158e-21
0.1015 4.77736e-21
0.102 5.16652e-21
0.1025 5.58521e-21
0.103 6.03553e-21
0.1035 6.51969e-21
0.104 7.04004e-21
0.1045 7.59911e-21
0.105 8.19955e-21
0.1055 8.84422e-21
0.106 9.53612e-21
0.1065 1.02785e-20
0.107 1.10747e-20
0.1075 1.19284e-20
0.108 1.28435e-20
0.1085 1.3824e-20
0.109 1.48743e-20
0.1095 1.59989e-20
0.11 1.72029e-20
0.1105 1.84913e-20
0.111 1.98696e-20
0.1115 2.13437e-20
0.112 2.29198e-20
0.1125 2.46043e-20
0.113 2.64043e-20
0.1135 2.83271e-20
0.114 3.03804e-20
0.1145 3.25724e-20
0.115 3.49119e-20
0.1155 3.7408e-20
0.116 4.00706e-20
0.1165 4.29098e-20
0.117 4.59366e-20
0.1175 4.91624e-20
0.118 5.25995e-20
0.1185 5.62606e-20
0.119 6.01593e-20
0.1195 6.43098e-20
0.12 6.87274e-20
0.1205 7.3428e-20
0.121 7.84282e-20
0.1215 8.3746e-20
0.122 8.94e-20
0.1225 9.54099e-20
0.123 1.01797e-19
0.1235 1.08582e-19
0.124 1.15789e-19
0.1245 1.23442e-19
0.125 1.31567e-19
0.1255 1.4019e-19
0.126 1.4934e-19
0.1265 1.59048e-19
0.127 1.69343e-19
0.1275 1.80261e-19
0.128 1.91834e-19
0.1285 2.041e-19
0.129 2.17098e-19
0.1295 2.30868e-19
0.13 2.45452e-19
0.1305 2.60896e-19
0.131 2.77245e-19
0.1315 2.9455e-19
0.132 3.12862e-19
0.1325 3.32236e-19
0.133 3.52728e-19
0.1335 3.74399e-19
0.134 3.97312e-19
0.1345 4.21533e-19
0.135 4.47131e-19
0.1355 4.74178e-19
0.136 5.02751e-19
0.1365 5.32929e-19
0.137 5.64797e-19
0.1375 5.98443e-19
0.138 6.33957e-19
0.1385 6.71437e-19
0.139 7.10983e-19
0.1395 7.52701e-19
0.14 7.96703e-19
0.1405 8.43103e-19
0.141 8.92023e-19
0.1415 9.43591e-19
0.142 9.97939e-19
0.1425 1.05521e-18
0.143 1.11554e-18
0.1435 1.17909e-18
0.144 1.24601e-18
0.1445 1.31648e-18
0.145 1.39066e-18
0.1455 1.46875e-18
0.146 1.55092e-18
0.1465 1.63738e-18
0.147 1.72833e-18
0.1475 1.824e-18
0.148 1.9246e-18
0.1485 2.03038e-18
0.149 2.14158e-18
0.1495 2.25846e-18
0.15 2.3813e-18
0.1505 2.51036e-18
0.151 2.64594e-18
0.1515 2.78835e-18
0.152 2.93792e-18
0.1525 3.09496e-18
0.153 3.25983e-18
0.1535 3.43289e-18
0.154 3.61453e-18
0.1545 3.80512e-18
0.155 4.00509e-18
0.1555 4.21486e-18
0.156 4.43487e-18
0.1565 4.66559e-18
0.157 4.90751e-18
0.1575 5.16113e-18
0.158 5.42697e-18
0.1585 5.70557e-18
0.159 5.99752e-18
0.1595 6.3034e-18
0.16 6.62383e-18
0.1605 6.95945e-18
0.161 7.31092e-18
0.1615 7.67895e-18
0.162 8.06426e-18
0.1625 8.4676e-18
0.163 8.88975e-18
0.1635 9.33153e-18
0.164 9.79378e-18
0.1645 1.02774e-17
0.165 1.07833e-17
0.1655 1.13123e-17
0.166 1.18656e-17
0.1665 1.24442e-17
0.167 1.3049e-17
0.1675 1.36813e-17
0.168 1.43421e-17
0.1685 1.50327e-17
0.169 1.57543e-17
0.1695 1.65082e-17
0.17 1.72957e-17
0.1705 1.81183e-17
0.171 1.89774e-17
0.1715 1.98744e-17
0.172 2.0811e-17
0.1725 2.17887e-17
0.173 2.28093e-17
0.1735 2.38744e-17
0.174 2.4986e-17
0.1745 2.61457e-17
0.175 2.73557e-17
0.1755 2.86179e-17
0.176 2.99344e-17
0.1765 3.13074e-17
0.177 3.2739e-17
0.1775 3.42317e-17
0.178 3.57879e-17
0.1785 3.74101e-17
0.179 3.91008e-17
0.1795 4.08627e-17
0.18 4.26987e-17
0.1805 4.46116e-17
0.181 4.66044e-17
0.1815 4.86802e-17
0.182 5.08422e-17
0.1825 5.30937e-17
0.183 5.54382e-17
0.1835 5.78792e-17
0.184 6.04204e-17
0.1845 6.30656e-17
0.185 6.58188e-17
0.1855 6.86841e-17
0.186 7.16657e-17
0.1865 7.47679e-17
0.187 7.79953e-17
0.1875 8.13527e-17
0.188 8.48447e-17
0.1885 8.84765e-17
0.189 9.22532e-17
0.1895 9.61802e-17
0.19 1.00263e-16
0.1905 1.04507e-16
0.191 1.08919e-16
0.1915 1.13505e-16
0.192 1.1827e-16
0.1925 1.23223e-16
0.193 1.28368e-16
0.1935 1.33713e-16
0.194 1.39267e-16
0.1945 1.45035e-16
0.195 1.51026e-16
0.1955 1.57247e-16
0.196 1.63707e-16
0.1965 1.70415e-16
0.197 1.77379e-16
0.1975 1.84608e-16
0.198 1.92112e-16
0.1985 1.99901e-16
0.199 2.07983e-16
0.1995 2.1637e-16
0.2 2.25073e-16
0.2005 2.34101e-16
0.201 2.43467e-16
0.2015 2.53183e-16
0.202 2.63259e-16
0.2025 2.7371e-16
0.203 2.84547e-16
0.2035 2.95784e-16
0.204 3.07435e-16
0.2045 3.19514e-16
0.205 3.32034e-16
0.2055 3.45012e-16
0.206 3.58463e-16
0.2065 3.72402e-16
0.207 3.86847e-16
0.2075 4.01814e-16
0.208 4.1732e-16
0.2085 4.33384e-16
0.209 4.50024e-16
0.2095 4.6726e-16
0.21 4.85111e-16
0.2105 5.03597e-16
0.211 5.2274e-16
0.2115 5.42561e-16
0.212 5.63082e-16
0.2125 5.84326e-16
0.213 6.06318e-16
0.2135 6.2908e-16
0.214 6.52639e-16
0.2145 6.7702e-16
0.215 7.02249e-16
0.2155 7.28355e-16
0.216 7.55365e-16
0.2165 7.83308e-16
0.217 8.12214e-16
0.2175 8.42114e-16
0.218 8.73039e-16
0.2185 9.05023e-16
0.219 9.38098e-16
0.2195 9.72299e-16
0.22 1.00766e-15
0.2205 1.04422e-15
0.221 1.08202e-15
0.2215 1.12109e-15
0.222 1.16148e-15
0.2225 1.20322e-15
0.223 1.24636e-15
0.2235 1.29094e-15
0.224 1.337e-15
0.2245 1.3846e-15
0.225 1.43378e-15
0.2255 1.48458e-15
0.226 1.53706e-15
0.2265 1.59126e-15
0.227 1.64725e-15
0.2275 1.70507e-15
0.228 1.76478e-15
0.2285 1.82644e-15
0.229 1.89011e-15
0.2295 1.95584e-15
0.23 2.02371e-15
0.2305 2.09376e-15
0.231 2.16608e-15
0.2315 2.24072e-15
0.232 2.31776e-15
0.2325 2.39726e-15
0.233 2.4793e-15
0.2335 2.56396e-15
0.234 2.65131e-15
0.2345 2.74143e-15
0.235 2.83441e-15
0.2355 2.93032e-15
0.236 3.02925e-15
0.2365 3.13129e-15
0.237 3.23654e-15
0.2375 3.34507e-15
0.238 3.457e-15
0.2385 3.57242e-15
0.239 3.69142e-15
0.2395 3.81411e-15
0.24 3.9406e-15
0.2405 4.071e-15
0.241 4.20541e-15
0.2415 4.34396e-15
0.242 4.48675e-15
0.2425 4.63392e-15
0.243 4.78558e-15
0.2435 4.94186e-15
0.244 5.10289e-15
0.2445 5.26881e-15
0.245 5.43975e-15
0.2455 5.61585e-15
0.246 5.79726e-15
0.2465 5.98413e-15
0.247 6.1766e-15
0.2475 6.37484e-15
0.248 6.57899e-15
0.2485 6.78924e-15
0.249 7.00573e-15
0.2495 7.22866e-15
0.25 7.45818e-15
0.2505 7.69449e-15
0.251 7.93777e-15
0.2515 8.18821e-15
0.252 8.446e-15
0.2525 8.71135e-15
0.253 8.98445e-15
0.2535 9.26553e-15
0.254 9.55478e-15
0.2545 9.85244e-15
0.255 1.01587e-14
0.2555 1.04739e-14
0.256 1.07981e-14
0.2565 1.11317e-14
0.257 1.14749e-14
0.2575 1.18279e-14
0.258 1.21911e-14
0.2585 1.25646e-14
0.259 1.29487e-14
0.2595 1.33438e-14
0.26 1.37501e-14
0.2605 1.41679e-14
0.261 1.45976e-14
0.2615 1.50393e-14
0.262 1.54935e-14
0.2625 1.59604e-14
0.263 1.64405e-14
0.2635 1.69339e-14
0.264 1.74412e-14
0.2645 1.79626e-14
0.265 1.84985e-14
0.2655 1.90492e-14
0.266 1.96152e-14
0.2665 2.01969e-14
0.267 2.07946e-14
0.2675 2.14087e-14
0.268 2.20398e-14
0.2685 2.26881e-14
0.269 2.33542e-14
0.2695 2.40384e-14
0.27 2.47413e-14
0.2705 2.54633e-14
0.271 2.62049e-14
0.2715 2.69666e-14
0.272 2.77489e-14
0.2725 2.85523e-14
0.273 2.93774e-14
0.2735 3.02246e-14
0.274 3.10945e-14
0.2745 3.19877e-14
0.275 3.29048e-14
0.2755 3.38463e-14
0.276 3.48129e-14
0.2765 3.58051e-14
0.277 3.68236e-14
0.2775 3.78691e-14
0.278 3.89422e-14
0.2785 4.00435e-14
0.279 4.11738e-14
0.2795 4.23338e-14
0.28 4.35241e-14
0.2805 4.47456e-14
0.281 4.59989e-14
0.2815 4.72849e-14
0.282 4.86043e-14
0.2825 4.99579e-14
0.283 5.13466e-14
0.2835 5.27711e-14
0.284 5.42324e-14
0.2845 5.57313e-14
0.285 5.72687e-14
0.2855 5.88455e-14
0.286 6.04627e-14
0.2865 6.21212e-14
0.287 6.3822e-14
0.2875 6.5566e-14
0.288 6.73544e-14
0.2885 6.9188e-14
0.289 7.10681e-14
0.2895 7.29956e-14
0.29 7.49718e-14
0.2905 7.69976e-14
0.291 7.90743e-14
0.2915 8.12031e-14
0.292 8.33851e-14
0.2925 8.56216e-14
0.293 8.79139e-14
0.2935 9.02631e-14
0.294 9.26707e-14
0.2945 9.5138e-14
0.295 9.76663e-14
0.2955 1.00257e-13
0.296 1.02912e-13
0.2965 1.05631e-13
0.297 1.08418e-13
0.2975 1.11273e-13
0.298 1.14198e-13
0.2985 1.17194e-13
0.299 1.20263e-13
0.2995 1.23407e-13
0.3 1.26627e-13
0.3005 1.29926e-13
0.301 1.33304e-13
0.3015 1.36763e-13
0.302 1.40306e-13
0.3025 1.43935e-13
0.303 1.4765e-13
0.3035 1.51455e-13
0.304 1.5535e-13
0.3045 1.59339e-13
0.305 1.63422e-13
0.3055 1.67603e-13
0.306 1.71884e-13
0.3065 1.76265e-13
0.307 1.80751e-13
0.3075 1.85342e-13
0.308 1.90042e-13
0.3085 1.94852e-13
0.309 1.99776e-13
0.3095 2.04815e-13
0.31 2.09972e-13
0.3105 2.15249e-13
0.311 2.2065e-13
0.3115 2.26176e-13
0.312 2.31831e-13
0.3125 2.37617e-13
0.313 2.43538e-13
0.3135 2.49595e-13
0.314 2.55792e-13
0.3145 2.62132e-13
0.315 2.68617e-13
0.3155 2.75252e-13
0.316 2.82039e-13
0.3165 2.88981e-13
0.317 2.96081e-13
0.3175 3.03344e-13
0.318 3.10771e-13
0.3185 3.18368e-13
0.319 3.26137e-13
0.3195 3.34082e-13
0.32 3.42206e-13
0.3205 3.50514e-13
0.321 3.59009e-13
0.3215 3.67695e-13
0.322 3.76576e-13
0.3225 3.85656e-13
0.323 3.94939e-13
0.3235 4.0443e-13
0.324 4.14132e-13
0.3245 4.2405e-13
0.325 4.34188e-13
0.3255 4.44551e-13
0.326 4.55144e-13
0.3265 4.65971e-13
0.327 4.77036e-13
0.3275 4.88346e-13
0.328 4.99904e-13
0.3285 5.11716e-13
0.329 5.23786e-13
0.3295 5.36121e-13
0.33 5.48725e-13
0.3305 5.61604e-13
0.331 5.74764e-13
0.3315 5.88209e-13
0.332 6.01946e-13
0.3325 6.1598e-13
0.333 6.30318e-13
0.3335 6.44965e-13
0.334 6.59928e-13
0.3345 6.75213e-13
0.335 6.90826e-13
0.3355 7.06774e-13
0.336 7.23063e-13
0.3365 7.397e-13
0.337 7.56692e-13
0.3375 7.74046e-13
0.338 7.91769e-13
0.3385 8.09868e-13
0.339 8.2835e-13
0.3395 8.47224e-13
0.34 8.66496e-13
0.3405 8.86174e-13
0.341 9.06267e-13
0.3415 9.26782e-13
0.342 9.47727e-13
0.3425 9.69111e-13
0.343 9.90942e-13
0.3435 1.01323e-12
0.344 1.03598e-12
0.3445 1.0592e-12
0.345 1.08291e-12
0.3455 1.10711e-12
0.346 1.13181e-12
0.3465 1.15702e-12
0.347 1.18275e-12
0.3475 1.20901e-12
0.348 1.23581e-12
0.3485 1.26317e-12
0.349 1.29108e-12
0.3495 1.31956e-12
0.35 1.34863e-12
0.3505 1.37829e-12
0.351 1.40855e-12
0.3515 1.43943e-12
0.352 1.47094e-12
0.3525 1.50308e-12
0.353 1.53587e-12
0.3535 1.56933e-12
0.354 1.60347e-12
0.3545 1.63829e-12
0.355 1.67381e-12
0.3555 1.71004e-12
0.356 1.747e-12
0.3565 1.7847e-12
0.357 1.82315e-12
0.3575 1.86237e-12
0.358 1.90237e-12
0.3585 1.94317e-12
0.359 1.98478e-12
0.3595 2.02721e-12
0.36 2.07048e-12
0.3605 2.11461e-12
0.361 2.1596e-12
0.3615 2.20549e-12
0.362 2.25227e-12
0.3625 2.29998e-12
0.363 2.34862e-12
0.3635 2.39821e-12
0.364 2.44877e-12
0.3645 2.50032e-12
0.365 2.55287e-12
0.3655 2.60644e-12
0.366 2.66106e-12
0.3665 2.71673e-12
0.367 2.77348e-12
0.3675 2.83133e-12
0.368 2.8903e-12
0.3685 2.9504e-12
0.369 3.01165e-12
0.3695 3.07409e-12
0.37 3.13772e-12
0.3705 3.20257e-12
0.371 3.26866e-12
0.3715 3.33601e-12
0.372 3.40465e-12
0.3725 3.47459e-12
0.373 3.54586e-12
0.3735 3.61848e-12
0.374 3.69248e-12
0.3745 3.76788e-12
0.375 3.8447e-12
0.3755 3.92297e-12
0.376 4.00271e-12
0.3765 4.08395e-12
0.377 4.16672e-12
0.3775 4.25104e-12
0.378 4.33694e-12
0.3785 4.42444e-12
0.379 4.51357e-12
0.3795 4.60437e-12
0.38 4.69685e-12
0.3805 4.79105e-12
0.381 4.88699e-12
0.3815 4.98472e-12
0.382 5.08425e-12
0.3825 5.18561e-12
0.383 5.28885e-12
0.3835 5.39398e-12
0.384 5.50105e-12
0.3845 5.61007e-12
0.385 5.7211e-12
0.3855 5.83416e-12
0.386 5.94928e-12
0.3865 6.0665e-12
0.387 6.18586e-12
0.3875 6.30738e-12
0.388 6.43111e-12
0.3885 6.55709e-12
0.389 6.68534e-12
0.3895 6.81591e-12
0.39 6.94884e-12
0.3905 7.08416e-12
0.391 7.22192e-12
0.3915 7.36215e-12
0.392 7.5049e-12
0.3925 7.6502e-12
0.393 7.79811e-12
0.3935 7.94865e-12
0.394 8.10188e-12
0.3945 8.25783e-12
0.395 8.41656e-12
0.3955 8.5781e-12
0.396 8.74251e-12
0.3965 8.90983e-12
0.397 9.08011e-12
0.3975 9.25339e-12
0.398 9.42972e-12
0.3985 9.60916e-12
0.399 9.79174e-12
0.3995 9.97754e-12
0.4 1.01666e-11
0.4005 1.03589e-11
0.401 1.05546e-11
0.4015 1.07538e-11
0.402 1.09564e-11
0.4025 1.11625e-11
0.403 1.13722e-11
0.4035 1.15855e-11
0.404 1.18025e-11
0.4045 1.20233e-11
0.405 1.22479e-11
0.4055 1.24763e-11
0.406 1.27087e-11
0.4065 1.29451e-11
0.407 1.31856e-11
0.4075 1.34301e-11
0.408 1.36789e-11
0.4085 1.39319e-11
0.409 1.41892e-11
0.4095 1.44509e-11
0.41 1.4717e-11
0.4105 1.49877e-11
0.411 1.52629e-11
0.4115 1.55429e-11
0.412 1.58275e-11
0.4125 1.6117e-11
0.413 1.64114e-11
0.4135 1.67107e-11
0.414 1.7015e-11
0.4145 1.73245e-11
0.415 1.76391e-11
0.4155 1.7959e-11
0.416 1.82843e-11
0.4165 1.8615e-11
0.417 1.89512e-11
0.4175 1.9293e-11
0.418 1.96405e-11
0.4185 1.99937e-11
0.419 2.03528e-11
0.4195 2.07179e-11
0.42 2.1089e-11
0.4205 2.14662e-11
0.421 2.18497e-11
0.4215 2.22394e-11
0.422 2.26356e-11
0.4225 2.30382e-11
0.423 2.34475e-11
0.4235 2.38635e-11
0.424 2.42862e-11
0.4245 2.47159e-11
0.425 2.51525e-11
0.4255 2.55963e-11
0.426 2.60473e-11
0.4265 2.65056e-11
0.427 2.69719e-11
0.4275 2.74452e-11
0.428 2.79262e-11
0.4285 2.84149e-11
0.429 2.89115e-11
0.4295 2.94161e-11
0.43 2.99288e-11
0.4305 3.04497e-11
0.431 3.09789e-11
0.4315 3.15167e-11
0.432 3.2063e-11
0.4325 3.26181e-11
0.433 3.3182e-11
0.4335 3.37548e-11
0.434 3.43368e-11
0.4345 3.4928e-11
0.435 3.55286e-11
0.4355 3.61387e-11
0.436 3.67585e-11
0.4365 3.7388e-11
0.437 3.80274e-11
0.4375 3.86769e-11
0.438 3.93367e-11
0.4385 4.00067e-11
0.439 4.06873e-11
0.4395 4.13785e-11
0.44 4.20806e-11
0.4405 4.27936e-11
0.441 4.35177e-11
0.4415 4.4253e-11
0.442 4.49999e-11
0.4425 4.57583e-11
0.443 4.65284e-11
0.4435 4.73105e-11
0.444 4.81047e-11
0.4445 4.89111e-11
0.445 4.973e-11
0.4455 5.05615e-11
0.446 5.14058e-11
0.4465 5.2263e-11
0.447 5.31334e-11
0.4475 5.40171e-11
0.448 5.49143e-11
0.4485 5.58252e-11
0.449 5.675e-11
0.4495 5.76889e-11
0.45 5.86421e-11
0.4505 5.96098e-11
0.451 6.05921e-11
0.4515 6.15893e-11
0.452 6.26016e-11
0.4525 6.36292e-11
0.453 6.46723e-11
0.4535 6.57311e-11
0.454 6.68058e-11
0.4545 6.78967e-11
0.455 6.9004e-11
0.4555 7.01278e-11
0.456 7.12685e-11
0.4565 7.24262e-11
0.457 7.36012e-11
0.4575 7.47936e-11
0.458 7.60039e-11
0.4585 7.72321e-11
0.459 7.84786e-11
0.4595 7.97435e-11
0.46 8.10272e-11
0.4605 8.23249e-11
0.461 8.36466e-11
0.4615 8.49879e-11
0.462 8.63488e-11
0.4625 8.77298e-11
0.463 8.91311e-11
0.4635 9.05529e-11
0.464 9.19955e-11
0.4645 9.34592e-11
0.465 9.49444e-11
0.4655 9.64511e-11
0.466 9.79798e-11
0.4665 9.95308e-11
0.467 1.01104e-10
0.4675 1.02701e-10
0.468 1.0432e-10
0.4685 1.05963e-10
0.469 1.0763e-10
0.4695 1.0932e-10
0.47 1.11035e-10
0.4705 1.12775e-10
0.471 1.1454e-10
0.4715 1.1633e-10
0.472 1.18145e-10
0.4725 1.19987e-10
0.473 1.21855e-10
0.4735 1.2375e-10
0.474 1.25672e-10
0.4745 1.27621e-10
0.475 1.29598e-10
0.4755 1.31603e-10
0.476 1.33636e-10
0.4765 1.35698e-10
0.477 1.37789e-10
0.4775 1.3991e-10
0.478 1.42061e-10
0.4785 1.44242e-10
0.479 1.46454e-10
0.4795 1.48697e-10
0.48 1.50971e-10
0.4805 1.53278e-10
0.481 1.55616e-10
0.4815 1.57987e-10
0.482 1.60392e-10
0.4825 1.6283e-10
0.483 1.65302e-10
0.4835 1.67808e-10
0.484 1.70349e-10
0.4845 1.72925e-10
0.485 1.75537e-10
0.4855 1.78185e-10
0.486 1.8087e-10
0.4865 1.83592e-10
0.487 1.86351e-10
0.4875 1.89148e-10
0.488 1.91984e-10
0.4885 1.94859e-10
0.489 1.97773e-10
0.4895 2.00727e-10
0.49 2.03721e-10
0.4905 2.06756e-10
0.491 2.09833e-10
0.4915 2.12951e-10
0.492 2.16112e-10
0.4925 2.19316e-10
0.493 2.22564e-10
0.4935 2.25855e-10
0.494 2.29191e-10
0.4945 2.32572e-10
0.495 2.35999e-10
0.4955 2.39472e-10
0.496 2.42991e-10
0.4965 2.46558e-10
0.497 2.50173e-10
0.4975 2.53836e-10
0.498 2.57549e-10
0.4985 2.61311e-10
0.499 2.65123e-10
0.4995 2.68986e-10
0.5 2.72901e-10
0.5005 2.76868e-10
0.501 2.80888e-10
0.5015 2.8496e-10
0.502 2.89087e-10
0.5025 2.93269e-10
0.503 2.97506e-10
0.5035 3.01798e-10
0.504 3.06148e-10
0.5045 3.10555e-10
0.505 3.15019e-10
0.5055 3.19543e-10
0.506 3.24125e-10
0.5065 3.28768e-10
0.507 3.33472e-10
0.5075 3.38237e-10
0.508 3.43064e-10
0.5085 3.47954e-10
0.509 3.52908e-10
0.5095 3.57926e-10
0.51 3.6301e-10
0.5105 3.68159e-10
0.511 3.73375e-10
0.5115 3.78659e-10
0.512 3.84011e-10
0.5125 3.89432e-10
0.513 3.94923e-10
0.5135 4.00484e-10
0.514 4.06117e-10
0.5145 4.11823e-10
0.515 4.17601e-10
0.5155 4.23454e-10
0.516 4.29382e-10
0.5165 4.35385e-10
0.517 4.41465e-10
0.5175 4.47622e-10
0.518 4.53858e-10
0.5185 4.60173e-10
0.519 4.66568e-10
0.5195 4.73044e-10
0.52 4.79603e-10
0.5205 4.86244e-10
0.521 4.92969e-10
0.5215 4.99779e-10
0.522 5.06675e-10
0.5225 5.13657e-10
0.523 5.20728e-10
0.5235 5.27887e-10
0.524 5.35136e-10
0.5245 5.42475e-10
0.525 5.49907e-10
0.5255 5.57431e-10
0.526 5.65049e-10
0.5265 5.72762e-10
0.527 5.80571e-10
0.5275 5.88477e-10
0.528 5.96481e-10
0.5285 6.04585e-10
0.529 6.12789e-10
0.5295 6.21094e-10
0.53 6.29502e-10
0.5305 6.38013e-10
0.531 6.46629e-10
0.5315 6.55352e-10
0.532 6.64181e-10
0.5325 6.73119e-10
0.533 6.82167e-10
0.5335 6.91325e-10
0.534 7.00595e-10
0.5345 7.09978e-10
0.535 7.19476e-10
0.5355 7.2909e-10
0.536 7.3882e-10
0.5365 7.48669e-10
0.537 7.58638e-10
0.5375 7.68727e-10
0.538 7.78938e-10
0.5385 7.89273e-10
0.539 7.99732e-10
0.5395 8.10318e-10
0.54 8.21031e-10
0.5405 8.31873e-10
0.541 8.42846e-10
0.5415 8.5395e-10
0.542 8.65187e-10
0.5425 8.76559e-10
0.543 8.88066e-10
0.5435 8.99711e-10
0.544 9.11495e-10
0.5445 9.2342e-10
0.545 9.35486e-10
0.5455 9.47696e-10
0.546 9.6005e-10
0.5465 9.72551e-10
0.547 9.852e-10
0.5475 9.97999e-10
0.548 1.01095e-09
0.5485 1.02405e-09
0.549 1.03731e-09
0.5495 1.05072e-09
0.55 1.06429e-09
0.5505 1.07802e-09
0.551 1.09191e-09
0.5515 1.10596e-09
0.552 1.12018e-09
0.5525 1.13457e-09
0.553 1.14912e-09
0.5535 1.16384e-09
0.554 1.17873e-09
0.5545 1.1938e-09
0.555 1.20904e-09
0.5555 1.22445e-09
0.556 1.24005e-09
0.5565 1.25582e-09
0.557 1.27178e-09
0.5575 1.28793e-09
0.558 1.30425e-09
0.5585 1.32077e-09
0.559 1.33748e-09
0.5595 1.35437e-09
0.56 1.37146e-09
0.5605 1.38875e-09
0.561 1.40624e-09
0.5615 1.42392e-09
0.562 1.44181e-09
0.5625 1.4599e-09
0.563 1.47819e-09
0.5635 1.4967e-09
0.564 1.51541e-09
0.5645 1.53434e-09
0.565 1.55348e-09
0.5655 1.57284e-09
0.566 1.59241e-09
0.5665 1.61221e-09
0.567 1.63223e-09
0.5675 1.65248e-09
0.568 1.67295e-09
0.5685 1.69365e-09
0.569 1.71459e-09
0.5695 1.73576e-09
0.57 1.75717e-09
0.5705 1.77881e-09
0.571 1.8007e-09
0.5715 1.82283e-09
0.572 1.84521e-09
0.5725 1.86784e-09
0.573 1.89072e-09
0.5735 1.91385e-09
0.574 1.93724e-09
0.5745 1.96088e-09
0.575 1.98479e-09
0.5755 2.00897e-09
0.576 2.03341e-09
0.5765 2.05811e-09
0.577 2.08309e-09
0.5775 2.10835e-09
0.578 2.13388e-09
0.5785 2.15969e-09
0.579 2.18579e-09
0.5795 2.21217e-09
0.58 2.23883e-09
0.5805 2.26579e-09
0.581 2.29305e-09
0.5815 2.32059e-09
0.582 2.34844e-09
0.5825 2.37659e-09
0.583 2.40505e-09
0.5835 2.43381e-09
0.584 2.46289e-09
0.5845 2.49228e-09
0.585 2.52198e-09
0.5855 2.55201e-09
0.586 2.58236e-09
0.5865 2.61303e-09
0.587 2.64404e-09
0.5875 2.67538e-09
0.588 2.70705e-09
0.5885 2.73906e-09
0.589 2.77142e-09
0.5895 2.80412e-09
0.59 2.83716e-09
0.5905 2.87056e-09
0.591 2.90432e-09
0.5915 2.93843e-09
0.592 2.97291e-09
0.5925 3.00775e-09
0.593 3.04296e-09
0.5935 3.07854e-09
0.594 3.1145e-09
0.5945 3.15083e-09
0.595 3.18755e-09
0.5955 3.22466e-09
0.596 3.26215e-09
0.5965 3.30004e-09
0.597 3.33833e-09
0.5975 3.37701e-09
0.598 3.41611e-09
0.5985 3.4556e-09
0.599 3.49552e-09
0.5995 3.53584e-09
0.6 3.57659e-09
0.6005 3.61776e-09
0.601 3.65936e-09
0.6015 3.70139e-09
0.602 3.74385e-09
0.6025 3.78675e-09
0.603 3.8301e-09
0.6035 3.8739e-09
0.604 3.91814e-09
0.6045 3.96284e-09
0.605 4.008e-09
0.6055 4.05363e-09
0.606 4.09972e-09
0.6065 4.14628e-09
0.607 4.19332e-09
0.6075 4.24085e-09
0.608 4.28885e-09
0.6085 4.33735e-09
0.609 4.38634e-09
0.6095 4.43583e-09
0.61 4.48582e-09
0.6105 4.53632e-09
0.611 4.58733e-09
0.6115 4.63885e-09
0.612 4.6909e-09
0.6125 4.74347e-09
0.613 4.79658e-09
0.6135 4.85021e-09
0.614 4.90439e-09
0.6145 4.95911e-09
0.615 5.01439e-09
0.6155 5.07021e-09
0.616 5.1266e-09
0.6165 5.18355e-09
0.617 5.24106e-09
0.6175 5.29916e-09
0.618 5.35783e-09
0.6185 5.41708e-09
0.619 5.47692e-09
0.6195 5.53736e-09
0.62 5.5984e-09
0.6205 5.66004e-09
0.621 5.72229e-09
0.6215 5.78516e-09
0.622 5.84865e-09
0.6225 5.91276e-09
0.623 5.97751e-09
0.6235 6.04289e-09
0.624 6.10892e-09
0.6245 6.17559e-09
0.625 6.24292e-09
0.6255 6.3109e-09
0.626 6.37955e-09
0.6265 6.44887e-09
0.627 6.51887e-09
0.6275 6.58955e-09
0.628 6.66091e-09
0.6285 6.73297e-09
0.629 6.80573e-09
0.6295 6.87919e-09
0.63 6.95337e-09
0.6305 7.02826e-09
0.631 7.10388e-09
0.6315 7.18023e-09
0.632 7.25731e-09
0.6325 7.33514e-09
0.633 7.41371e-09
0.6335 7.49304e-09
0.634 7.57313e-09
0.6345 7.65398e-09
0.635 7.73561e-09
0.6355 7.81802e-09
0.636 7.90122e-09
0.6365 7.98521e-09
0.637 8.07e-09
0.6375 8.1556e-09
0.638 8.24201e-09
0.6385 8.32924e-09
0.639 8.4173e-09
0.6395 8.50619e-09
0.64 8.59592e-09
0.6405 8.6865e-09
0.641 8.77793e-09
0.6415 8.87023e-09
0.642 8.96339e-09
0.6425 9.05743e-09
0.643 9.15235e-09
0.6435 9.24816e-09
0.644 9.34487e-09
0.6445 9.44249e-09
0.645 9.54102e-09
0.6455 9.64046e-09
0.646 9.74084e-09
0.6465 9.84214e-09
0.647 9.94439e-09
0.6475 1.00476e-08
0.648 1.01518e-08
0.6485 1.02569e-08
0.649 1.0363e-08
0.6495 1.047e-08
0.65 1.05781e-08
0.6505 1.06872e-08
0.651 1.07972e-08
0.6515 1.09083e-08
0.652 1.10204e-08
0.6525 1.11336e-08
0.653 1.12477e-08
0.6535 1.13629e-08
0.654 1.14792e-08
0.6545 1.15965e-08
0.655 1.17149e-08
0.6555 1.18344e-08
0.656 1.1955e-08
0.6565 1.20766e-08
0.657 1.21994e-08
0.6575 1.23233e-08
0.658 1.24483e-08
0.6585 1.25744e-08
0.659 1.27017e-08
0.6595 1.28301e-08
0.66 1.29597e-08
0.6605 1.30904e-08
0.661 1.32224e-08
0.6615 1.33555e-08
0.662 1.34898e-08
0.6625 1.36253e-08
0.663 1.3762e-08
0.6635 1.38999e-08
0.664 1.40391e-08
0.6645 1.41795e-08
0.665 1.43212e-08
0.6655 1.44641e-08
0.666 1.46083e-08
0.6665 1.47538e-08
0.667 1.49006e-08
0.6675 1.50486e-08
0.668 1.5198e-08
0.6685 1.53487e-08
0.669 1.55007e-08
0.6695 1.56541e-08
0.67 1.58088e-08
0.6705 1.59649e-08
0.671 1.61224e-08
0.6715 1.62812e-08
0.672 1.64414e-08
0.6725 1.6603e-08
0.673 1.67661e-08
0.6735 1.69305e-08
0.674 1.70964e-08
0.6745 1.72638e-08
0.675 1.74326e-08
0.6755 1.76028e-08
0.676 1.77746e-08
0.6765 1.79478e-08
0.677 1.81225e-08
0.6775 1.82988e-08
0.678 1.84765e-08
0.6785 1.86558e-08
0.679 1.88367e-08
0.6795 1.90191e-08
0.68 1.92031e-08
0.6805 1.93886e-08
0.681 1.95757e-08
0.6815 1.97645e-08
0.682 1.99548e-08
0.6825 2.01468e-08
0.683 2.03405e-08
0.6835 2.05357e-08
0.684 2.07327e-08
0.6845 2.09313e-08
0.685 2.11316e-08
0.6855 2.13336e-08
0.686 2.15373e-08
0.6865 2.17427e-08
0.687 2.19499e-08
0.6875 2.21588e-08
0.688 2.23695e-08
0.6885 2.2582e-08
0.689 2.27962e-08
0.6895 2.30122e-08
0.69 2.32301e-08
0.6905 2.34498e-08
0.691 2.36713e-08
0.6915 2.38947e-08
0.692 2.412e-08
0.6925 2.43471e-08
0.693 2.45761e-08
0.6935 2.4807e-08
0.694 2.50399e-08
0.6945 2.52746e-08
0.695 2.55114e-08
0.6955 2.57501e-08
0.696 2.59907e-08
0.6965 2.62334e-08
0.697 2.6478e-08
0.6975 2.67247e-08
0.698 2.69734e-08
0.6985 2.72242e-08
0.699 2.7477e-08
0.6995 2.77319e-08
0.7 2.79888e-08
0.7005 2.82479e-08
0.701 2.85091e-08
0.7015 2.87724e-08
0.702 2.90379e-08
0.7025 2.93055e-08
0.703 2.95754e-08
0.7035 2.98474e-08
0.704 3.01216e-08
0.7045 3.0398e-08
0.705 3.06767e-08
0.7055 3.09577e-08
0.706 3.12409e-08
0.7065 3.15263e-08
0.707 3.18141e-08
0.7075 3.21042e-08
0.708 3.23967e-08
0.7085 3.26915e-08
0.709 3.29886e-08
0.7095 3.32882e-08
0.71 3.35901e-08
0.7105 3.38944e-08
0.711 3.42012e-08
0.7115 3.45104e-08
0.712 3.48221e-08
0.7125 3.51363e-08
0.713 3.54529e-08
0.7135 3.57721e-08
0.714 3.60938e-08
0.7145 3.64181e-08
0.715 3.67449e-08
0.7155 3.70743e-08
0.716 3.74063e-08
0.7165 3.77409e-08
0.717 3.80781e-08
0.7175 3.8418e-08
0.718 3.87605e-08
0.7185 3.91058e-08
0.719 3.94537e-08
0.7195 3.98044e-08
0.72 4.01578e-08
0.7205 4.0514e-08
0.721 4.08729e-08
0.7215 4.12347e-08
0.722 4.15992e-08
0.7225 4.19666e-08
0.723 4.23368e-08
0.7235 4.27099e-08
0.724 4.30859e-08
0.7245 4.34648e-08
0.725 4.38466e-08
0.7255 4.42313e-08
0.726 4.4619e-08
0.7265 4.50097e-08
0.727 4.54034e-08
0.7275 4.58002e-08
0.728 4.61999e-08
0.7285 4.66027e-08
0.729 4.70086e-08
0.7295 4.74176e-08
0.73 4.78297e-08
0.7305 4.8245e-08
0.731 4.86634e-08
0.7315 4.9085e-08
0.732 4.95098e-08
0.7325 4.99378e-08
0.733 5.03691e-08
0.7335 5.08036e-08
0.734 5.12414e-08
0.7345 5.16825e-08
0.735 5.21269e-08
0.7355 5.25746e-08
0.736 5.30258e-08
0.7365 5.34803e-08
0.737 5.39382e-08
0.7375 5.43996e-08
0.738 5.48644e-08
0.7385 5.53326e-08
0.739 5.58044e-08
0.7395 5.62797e-08
0.74 5.67585e-08
0.7405 5.72409e-08
0.741 5.77269e-08
0.7415 5.82164e-08
0.742 5.87096e-08
0.7425 5.92065e-08
0.743 5.9707e-08
0.7435 6.02112e-08
0.744 6.07191e-08
0.7445 6.12307e-08
0.745 6.17462e-08
0.7455 6.22654e-08
0.746 6.27884e-08
0.7465 6.33152e-08
0.747 6.38459e-08
0.7475 6.43805e-08
0.748 6.4919e-08
0.7485 6.54614e-08
0.749 6.60078e-08
0.7495 6.65581e-08
0.75 6.71124e-08
0.7505 6.76708e-08
0.751 6.82332e-08
0.7515 6.87996e-08
0.752 6.93702e-08
0.7525 6.99449e-08
0.753 7.05237e-08
0.7535 7.11067e-08
0.754 7.16939e-08
0.7545 7.22853e-08
0.755 7.28809e-08
0.7555 7.34808e-08
0.756 7.40851e-08
0.7565 7.46936e-08
0.757 7.53065e-08
0.7575 7.59237e-08
0.758 7.65453e-08
0.7585 7.71714e-08
0.759 7.78019e-08
0.7595 7.84369e-08
0.76 7.90764e-08
0.7605 7.97204e-08
0.761 8.0369e-08
0.7615 8.10221e-08
0.762 8.16798e-08
0.7625 8.23422e-08
0.763 8.30093e-08
0.7635 8.3681e-08
0.764 8.43574e-08
0.7645 8.50386e-08
0.765 8.57246e-08
0.7655 8.64153e-08
0.766 8.71109e-08
0.7665 8.78113e-08
0.767 8.85166e-08
0.7675 8.92269e-08
0.768 8.9942e-08
0.7685 9.06621e-08
0.769 9.13872e-08
0.7695 9.21173e-08
0.77 9.28525e-08
0.7705 9.35928e-08
0.771 9.43381e-08
0.7715 9.50886e-08
0.772 9.58443e-08
0.7725 9.66051e-08
0.773 9.73712e-08
0.7735 9.81425e-08
0.774 9.89191e-08
0.7745 9.9701e-08
0.775 1.00488e-07
0.7755 1.01281e-07
0.776 1.02079e-07
0.7765 1.02882e-07
0.777 1.03691e-07
0.7775 1.04506e-07
0.778 1.05326e-07
0.7785 1.06151e-07
0.779 1.06982e-07
0.7795 1.07819e-07
0.78 1.08661e-07
0.7805 1.09509e-07
0.781 1.10363e-07
0.7815 1.11222e-07
0.782 1.12087e-07
0.7825 1.12958e-07
0.783 1.13835e-07
0.7835 1.14718e-07
0.784 1.15606e-07
0.7845 1.16501e-07
0.785 1.17401e-07
0.7855 1.18308e-07
0.786 1.1922e-07
0.7865 1.20139e-07
0.787 1.21063e-07
0.7875 1.21994e-07
0.788 1.22931e-07
0.7885 1.23874e-07
0.789 1.24823e-07
0.7895 1.25779e-07
0.79 1.26741e-07
0.7905 1.27709e-07
0.791 1.28683e-07
0.7915 1.29664e-07
0.792 1.30652e-07
0.7925 1.31645e-07
0.793 1.32646e-07
0.7935 1.33652e-07
0.794 1.34666e-07
0.7945 1.35685e-07
0.795 1.36712e-07
0.7955 1.37745e-07
0.796 1.38785e-07
0.7965 1.39832e-07
0.797 1.40885e-07
0.7975 1.41945e-07
0.798 1.43012e-07
0.7985 1.44086e-07
0.799 1.45167e-07
0.7995 1.46255e-07
0.8 1.47349e-07
0.8005 1.48451e-07
0.801 1.4956e-07
0.8015 1.50676e-07
0.802 1.51799e-07
0.8025 1.52929e-07
0.803 1.54066e-07
0.8035 1.55211e-07
0.804 1.56362e-07
0.8045 1.57521e-07
0.805 1.58688e-07
0.8055 1.59862e-07
0.806 1.61043e-07
0.8065 1.62232e-07
0.807 1.63428e-07
0.8075 1.64631e-07
0.808 1.65843e-07
0.8085 1.67062e-07
0.809 1.68288e-07
0.8095 1.69522e-07
0.81 1.70764e-07
0.8105 1.72014e-07
0.811 1.73271e-07
0.8115 1.74536e-07
0.812 1.7581e-07
0.8125 1.77091e-07
0.813 1.7838e-07
0.8135 1.79677e-07
0.814 1.80982e-07
0.8145 1.82295e-07
0.815 1.83616e-07
0.8155 1.84945e-07
0.816 1.86283e-07
0.8165 1.87628e-07
0.817 1.88982e-07
0.8175 1.90345e-07
0.818 1.91715e-07
0.8185 1.93094e-07
0.819 1.94482e-07
0.8195 1.95877e-07
0.82 1.97282e-07
0.8205 1.98695e-07
0.821 2.00116e-07
0.8215 2.01546e-07
0.822 2.02985e-07
0.8225 2.04433e-07
0.823 2.05889e-07
0.8235 2.07354e-07
0.824 2.08828e-07
0.8245 2.10311e-07
0.825 2.11802e-07
0.8255 2.13303e-07
0.826 2.14813e-07
0.8265 2.16331e-07
0.827 2.17859e-07
0.8275 2.19396e-07
0.828 2.20942e-07
0.8285 2.22497e-07
0.829 2.24062e-07
0.8295 2.25636e-07
0.83 2.27219e-07
0.8305 2.28811e-07
0.831 2.30413e-07
0.8315 2.32025e-07
0.832 2.33646e-07
0.8325 2.35276e-07
0.833 2.36916e-07
0.8335 2.38566e-07
0.834 2.40225e-07
0.8345 2.41895e-07
0.835 2.43574e-07
0.8355 2.45262e-07
0.836 2.46961e-07
0.8365 2.48669e-07
0.837 2.50388e-07
0.8375 2.52116e-07
0.838 2.53855e-07
0.8385 2.55604e-07
0.839 2.57362e-07
0.8395 2.59131e-07
0.84 2.6091e-07
0.8405 2.627e-07
0.841 2.645e-07
0.8415 2.6631e-07
0.842 2.6813e-07
0.8425 2.69961e-07
0.843 2.71803e-07
0.8435 2.73655e-07
0.844 2.75517e-07
0.8445 2.7739e-07
0.845 2.79274e-07
0.8455 2.81169e-07
0.846 2.83074e-07
0.8465 2.84991e-07
0.847 2.86918e-07
0.8475 2.88856e-07
0.848 2.90805e-07
0.8485 2.92765e-07
0.849 2.94736e-07
0.8495 2.96718e-07
0.85 2.98711e-07
0.8505 3.00716e-07
0.851 3.02731e-07
0.8515 3.04758e-07
0.852 3.06797e-07
0.8525 3.08847e-07
0.853 3.10908e-07
0.8535 3.12981e-07
0.854 3.15065e-07
0.8545 3.17161e-07
0.855 3.19268e-07
0.8555 3.21387e-07
0.856 3.23518e-07
0.8565 3.25661e-07
0.857 3.27815e-07
0.8575 3.29982e-07
0.858 3.3216e-07
0.8585 3.3435e-07
0.859 3.36553e-07
0.8595 3.38767e-07
0.86 3.40994e-07
0.8605 3.43232e-07
0.861 3.45483e-07
0.8615 3.47746e-07
0.862 3.50022e-07
0.8625 3.5231e-07
0.863 3.5461e-07
0.8635 3.56923e-07
0.864 3.59248e-07
0.8645 3.61586e-07
0.865 3.63936e-07
0.8655 3.663e-07
0.866 3.68676e-07
0.8665 3.71064e-07
0.867 3.73466e-07
0.8675 3.7588e-07
0.868 3.78307e-07
0.8685 3.80748e-07
0.869 3.83201e-07
0.8695 3.85668e-07
0.87 3.88147e-07
0.8705 3.9064e-07
0.871 3.93146e-07
0.8715 3.95665e-07
0.872 3.98198e-07
0.8725 4.00744e-07
0.873 4.03303e-07
0.8735 4.05876e-07
0.874 4.08463e-07
0.8745 4.11063e-07
0.875 4.13677e-07
0.8755 4.16304e-07
0.876 4.18946e-07
0.8765 4.21601e-07
0.877 4.2427e-07
0.8775 4.26953e-07
0.878 4.29649e-07
0.8785 4.3236e-07
0.879 4.35085e-07
0.8795 4.37824e-07
0.88 4.40578e-07
0.8805 4.43345e-07
0.881 4.46127e-07
0.8815 4.48923e-07
0.882 4.51734e-07
0.8825 4.54559e-07
0.883 4.57398e-07
0.8835 4.60252e-07
0.884 4.63121e-07
0.8845 4.66004e-07
0.885 4.68903e-07
0.8855 4.71815e-07
0.886 4.74743e-07
0.8865 4.77686e-07
0.887 4.80643e-07
0.8875 4.83616e-07
0.888 4.86603e-07
0.8885 4.89606e-07
0.889 4.92624e-07
0.8895 4.95657e-07
0.89 4.98705e-07
0.8905 5.01769e-07
0.891 5.04848e-07
0.8915 5.07942e-07
0.892 5.11052e-07
0.8925 5.14177e-07
0.893 5.17319e-07
0.8935 5.20475e-07
0.894 5.23648e-07
0.8945 5.26836e-07
0.895 5.3004e-07
0.8955 5.3326e-07
0.896 5.36495e-07
0.8965 5.39747e-07
0.897 5.43015e-07
0.8975 5.46299e-07
0.898 5.49599e-07
0.8985 5.52915e-07
0.899 5.56248e-07
0.8995 5.59597e-07
0.9 5.62962e-07
0.9005 5.66343e-07
0.901 5.69742e-07
0.9015 5.73156e-07
0.902 5.76587e-07
0.9025 5.80035e-07
0.903 5.835e-07
0.9035 5.86981e-07
0.904 5.9048e-07
0.9045 5.93995e-07
0.905 5.97527e-07
0.9055 6.01076e-07
0.906 6.04642e-07
0.9065 6.08225e-07
0.907 6.11825e-07
0.9075 6.15443e-07
0.908 6.19078e-07
0.9085 6.2273e-07
0.909 6.26399e-07
0.9095 6.30086e-07
0.91 6.33791e-07
0.9105 6.37513e-07
0.911 6.41252e-07
0.9115 6.4501e-07
0.912 6.48785e-07
0.9125 6.52578e-07
0.913 6.56388e-07
0.9135 6.60217e-07
0.914 6.64063e-07
0.9145 6.67928e-07
0.915 6.7181e-07
0.9155 6.75711e-07
0.916 6.7963e-07
0.9165 6.83567e-07
0.917 6.87523e-07
0.9175 6.91496e-07
0.918 6.95489e-07
0.9185 6.99499e-07
0.919 7.03528e-07
0.9195 7.07576e-07
0.92 7.11643e-07
0.9205 7.15728e-07
0.921 7.19832e-07
0.9215 7.23954e-07
0.922 7.28096e-07
0.9225 7.32256e-07
0.923 7.36436e-07
0.9235 7.40634e-07
0.924 7.44852e-07
0.9245 7.49088e-07
0.925 7.53344e-07
0.9255 7.5762e-07
0.926 7.61914e-07
0.9265 7.66228e-07
0.927 7.70561e-07
0.9275 7.74914e-07
0.928 7.79287e-07
0.9285 7.83679e-07
0.929 7.8809e-07
0.9295 7.92522e-07
0.93 7.96973e-07
0.9305 8.01444e-07
0.931 8.05935e-07
0.9315 8.10446e-07
0.932 8.14977e-07
0.9325 8.19528e-07
0.933 8.24099e-07
0.9335 8.2869e-07
0.934 8.33302e-07
0.9345 8.37934e-07
0.935 8.42586e-07
0.9355 8.47259e-07
0.936 8.51952e-07
0.9365 8.56665e-07
0.937 8.61399e-07
0.9375 8.66154e-07
0.938 8.7093e-07
0.9385 8.75726e-07
0.939 8.80543e-07
0.9395 8.85381e-07
0.94 8.9024e-07
0.9405 8.9512e-07
0.941 9.00021e-07
0.9415 9.04943e-07
0.942 9.09886e-07
0.9425 9.1485e-07
0.943 9.19836e-07
0.9435 9.24843e-07
0.944 9.29871e-07
0.9445 9.34921e-07
0.945 9.39992e-07
0.9455 9.45085e-07
0.946 9.502e-07
0.9465 9.55336e-07
0.947 9.60494e-07
0.9475 9.65673e-07
0.948 9.70874e-07
0.9485 9.76098e-07
0.949 9.81343e-07
0.9495 9.8661e-07
0.95 9.919e-07
0.9505 9.97211e-07
0.951 1.00254e-06
0.9515 1.0079e-06
0.952 1.01328e-06
0.9525 1.01868e-06
0.953 1.0241e-06
0.9535 1.02955e-06
0.954 1.03501e-06
0.9545 1.0405e-06
0.955 1.04602e-06
0.9555 1.05155e-06
0.956 1.05711e-06
0.9565 1.06269e-06
0.957 1.0683e-06
0.9575 1.07392e-06
0.958 1.07957e-06
0.9585 1.08525e-06
0.959 1.09094e-06
0.9595 1.09666e-06
0.96 1.1024e-06
0.9605 1.10817e-06
0.961 1.11396e-06
0.9615 1.11977e-06
0.962 1.1256e-06
0.9625 1.13146e-06
0.963 1.13734e-06
0.9635 1.14325e-06
0.964 1.14918e-06
0.9645 1.15513e-06
0.965 1.16111e-06
0.9655 1.16711e-06
0.966 1.17313e-06
0.9665 1.17918e-06
0.967 1.18525e-06
0.9675 1.19135e-06
0.968 1.19747e-06
0.9685 1.20361e-06
0.969 1.20978e-06
0.9695 1.21597e-06
0.97 1.22219e-06
0.9705 1.22843e-06
0.971 1.2347e-06
0.9715 1.24099e-06
0.972 1.2473e-06
0.9725 1.25364e-06
0.973 1.26e-06
0.9735 1.26639e-06
0.974 1.2728e-06
0.9745 1.27924e-06
0.975 1.2857e-06
0.9755 1.29219e-06
0.976 1.2987e-06
0.9765 1.30523e-06
0.977 1.3118e-06
0.9775 1.31838e-06
0.978 1.32499e-06
0.9785 1.33163e-06
0.979 1.33829e-06
0.9795 1.34498e-06
0.98 1.35169e-06
0.9805 1.35843e-06
0.981 1.36519e-06
0.9815 1.37198e-06
0.982 1.37879e-06
0.9825 1.38563e-06
0.983 1.3925e-06
0.9835 1.39939e-06
0.984 1.4063e-06
0.9845 1.41324e-06
0.985 1.42021e-06
0.9855 1.4272e-06
0.986 1.43422e-06
0.9865 1.44127e-06
0.987 1.44834e-06
0.9875 1.45544e-06
0.988 1.46256e-06
0.9885 1.46971e-06
0.989 1.47688e-06
0.9895 1.48408e-06
0.99 1.49131e-06
0.9905 1.49857e-06
0.991 1.50585e-06
0.9915 1.51315e-06
0.992 1.52049e-06
0.9925 1.52785e-06
0.993 1.53523e-06
0.9935 1.54264e-06
0.994 1.55008e-06
0.9945 1.55755e-06
0.995 1.56504e-06
0.9955 1.57256e-06
0.996 1.58011e-06
0.9965 1.58768e-06
0.997 1.59528e-06
0.9975 1.6029e-06
0.998 1.61056e-06
0.9985 1.61824e-06
0.999 1.62595e-06
0.9995 1.63368e-06
1 1.64144e-06
1.0005 1.64923e-06
1.001 1.65705e-06
1.0015 1.66489e-06
1.002 1.67276e-06
1.0025 1.68066e-06
1.003 1.68858e-06
1.0035 1.69654e-06
1.004 1.70452e-06
1.0045 1.71253e-06
1.005 1.72056e-06
1.0055 1.72862e-06
1.006 1.73671e-06
1.0065 1.74483e-06
1.007 1.75298e-06
1.0075 1.76115e-06
1.008 1.76935e-06
1.0085 1.77758e-06
1.009 1.78584e-06
1.0095 1.79413e-06
1.01 1.80244e-06
1.0105 1.81078e-06
1.011 1.81915e-06
1.0115 1.82755e-06
1.012 1.83597e-06
1.0125 1.84442e-06
1.013 1.85291e-06
1.0135 1.86142e-06
1.014 1.86995e-06
1.0145 1.87852e-06
1.015 1.88712e-06
1.0155 1.89574e-06
1.016 1.90439e-06
1.0165 1.91307e-06
1.017 1.92178e-06
1.0175 1.93051e-06
1.018 1.93928e-06
1.0185 1.94807e-06
1.019 1.9569e-06
1.0195 1.96575e-06
1.02 1.97463e-06
1.0205 1.98354e-06
1.021 1.99247e-06
1.0215 2.00144e-06
1.022 2.01043e-06
1.0225 2.01946e-06
1.023 2.02851e-06
1.0235 2.03759e-06
1.024 2.0467e-06
1.0245 2.05584e-06
1.025 2.06501e-06
1.0255 2.07421e-06
1.026 2.08343e-06
1.0265 2.09269e-06
1.027 2.10197e-06
1.0275 2.11129e-06
1.028 2.12063e-06
1.0285 2.13e-06
1.029 2.1394e-06
1.0295 2.14883e-06
1.03 2.15829e-06
1.0305 2.16778e-06
1.031 2.1773e-06
1.0315 2.18685e-06
1.032 2.19642e-06
1.0325 2.20603e-06
1.033 2.21567e-06
1.0335 2.22533e-06
1.034 2.23503e-06
1.0345 2.24475e-06
1.035 2.25451e-06
1.0355 2.26429e-06
1.036 2.2741e-06
1.0365 2.28395e-06
1.037 2.29382e-06
1.0375 2.30372e-06
1.038 2.31365e-06
1.0385 2.32361e-06
1.039 2.3336e-06
1.0395 2.34363e-06
1.04 2.35368e-06
1.0405 2.36376e-06
1.041 2.37387e-06
1.0415 2.38401e-06
1.042 2.39418e-06
1.0425 2.40438e-06
1.043 2.41461e-06
1.0435 2.42487e-06
1.044 2.43516e-06
1.0445 2.44548e-06
1.045 2.45583e-06
1.0455 2.46621e-06
1.046 2.47662e-06
1.0465 2.48706e-06
1.047 2.49752e-06
1.0475 2.50802e-06
1.048 2.51855e-06
1.0485 2.52911e-06
1.049 2.5397e-06
1.0495 2.55032e-06
1.05 2.56097e-06
1.0505 2.57165e-06
1.051 2.58237e-06
1.0515 2.59311e-06
1.052 2.60388e-06
1.0525 2.61468e-06
1.053 2.62551e-06
1.0535 2.63637e-06
1.054 2.64726e-06
1.0545 2.65818e-06
1.055 2.66914e-06
1.0555 2.68012e-06
1.056 2.69113e-06
1.0565 2.70217e-06
1.057 2.71325e-06
1.0575 2.72435e-06
1.058 2.73549e-06
1.0585 2.74665e-06
1.059 2.75784e-06
1.0595 2.76907e-06
1.06 2.78032e-06
1.0605 2.79161e-06
1.061 2.80293e-06
1.0615 2.81427e-06
1.062 2.82565e-06
1.0625 2.83706e-06
1.063 2.84849e-06
1.0635 2.85996e-06
1.064 2.87146e-06
1.0645 2.88299e-06
1.065 2.89455e-06
1.0655 2.90614e-06
1.066 2.91776e-06
1.0665 2.92941e-06
1.067 2.94109e-06
1.0675 2.9528e-06
1.068 2.96454e-06
1.0685 2.97631e-06
1.069 2.98811e-06
1.0695 2.99994e-06
1.07 3.01181e-06
1.0705 3.0237e-06
1.071 3.03562e-06
1.0715 3.04758e-06
1.072 3.05956e-06
1.0725 3.07158e-06
1.073 3.08362e-06
1.0735 3.0957e-06
1.074 3.1078e-06
1.0745 3.11994e-06
1.075 3.1321e-06
1.0755 3.1443e-06
1.076 3.15653e-06
1.0765 3.16878e-06
1.077 3.18107e-06
1.0775 3.19339e-06
1.078 3.20574e-06
1.0785 3.21812e-06
1.079 3.23053e-06
1.0795 3.24296e-06
1.08 3.25543e-06
1.0805 3.26793e-06
1.081 3.28046e-06
1.0815 3.29302e-06
1.082 3.30561e-06
1.0825 3.31823e-06
1.083 3.33088e-06
1.0835 3.34356e-06
1.084 3.35628e-06
1.0845 3.36902e-06
1.085 3.38179e-06
1.0855 3.39459e-06
1.086 3.40742e-06
1.0865 3.42028e-06
1.087 3.43317e-06
1.0875 3.44609e-06
1.088 3.45905e-06
1.0885 3.47203e-06
1.089 3.48504e-06
1.0895 3.49808e-06
1.09 3.51115e-06
1.0905 3.52425e-06
1.091 3.53738e-06
1.0915 3.55055e-06
1.092 3.56374e-06
1.0925 3.57696e-06
1.093 3.59021e-06
1.0935 3.60349e-06
1.094 3.6168e-06
1.0945 3.63014e-06
1.095 3.64351e-06
1.0955 3.65691e-06
1.096 3.67034e-06
1.0965 3.6838e-06
1.097 3.69728e-06
1.0975 3.7108e-06
1.098 3.72435e-06
1.0985 3.73793e-06
1.099 3.75153e-06
1.0995 3.76517e-06
1.1 3.77883e-06
1.1005 3.79253e-06
1.101 3.80625e-06
1.1015 3.82001e-06
1.102 3.83379e-06
1.1025 3.8476e-06
1.103 3.86144e-06
1.1035 3.87531e-06
1.104 3.88921e-06
1.1045 3.90314e-06
1.105 3.9171e-06
1.1055 3.93109e-06
1.106 3.9451e-06
1.1065 3.95915e-06
1.107 3.97322e-06
1.1075 3.98733e-06
1.108 4.00146e-06
1.1085 4.01562e-06
1.109 4.02981e-06
1.1095 4.04403e-06
1.11 4.05827e-06
1.1105 4.07255e-06
1.111 4.08685e-06
1.1115 4.10119e-06
1.112 4.11555e-06
1.1125 4.12994e-06
1.113 4.14436e-06
1.1135 4.1588e-06
1.114 4.17328e-06
1.1145 4.18778e-06
1.115 4.20232e-06
1.1155 4.21688e-06
1.116 4.23146e-06
1.1165 4.24608e-06
1.117 4.26073e-06
1.1175 4.2754e-06
1.118 4.2901e-06
1.1185 4.30483e-06
1.119 4.31959e-06
1.1195 4.33437e-06
1.12 4.34918e-06
1.1205 4.36402e-06
1.121 4.37889e-06
1.1215 4.39379e-06
1.122 4.40871e-06
1.1225 4.42366e-06
1.123 4.43864e-06
1.1235 4.45364e-06
1.124 4.46868e-06
1.1245 4.48374e-06
1.125 4.49882e-06
1.1255 4.51394e-06
1.126 4.52908e-06
1.1265 4.54425e-06
1.127 4.55945e-06
1.1275 4.57467e-06
1.128 4.58992e-06
1.1285 4.6052e-06
1.129 4.6205e-06
1.1295 4.63583e-06
1.13 4.65119e-06
1.1305 4.66657e-06
1.131 4.68198e-06
1.1315 4.69742e-06
1.132 4.71288e-06
1.1325 4.72837e-06
1.133 4.74389e-06
1.1335 4.75943e-06
1.134 4.775e-06
1.1345 4.79059e-06
1.135 4.80621e-06
1.1355 4.82186e-06
1.136 4.83753e-06
1.1365 4.85323e-06
1.137 4.86895e-06
1.1375 4.8847e-06
1.138 4.90048e-06
1.1385 4.91628e-06
1.139 4.9321e-06
1.1395 4.94795e-06
1.14 4.96383e-06
1.1405 4.97973e-06
1.141 4.99566e-06
1.1415 5.01161e-06
1.142 5.02759e-06
1.1425 5.04359e-06
1.143 5.05962e-06
1.1435 5.07567e-06
1.144 5.09175e-06
1.1445 5.10785e-06
1.145 5.12397e-06
1.1455 5.14012e-06
1.146 5.1563e-06
1.1465 5.1725e-06
1.147 5.18872e-06
1.1475 5.20497e-06
1.148 5.22124e-06
1.1485 5.23754e-06
1.149 5.25385e-06
1.1495 5.2702e-06
1.15 5.28656e-06
1.1505 5.30295e-06
1.151 5.31937e-06
1.1515 5.33581e-06
1.152 5.35227e-06
1.1525 5.36875e-06
1.153 5.38526e-06
1.1535 5.40179e-06
1.154 5.41834e-06
1.1545 5.43492e-06
1.155 5.45152e-06
1.1555 5.46814e-06
1.156 5.48479e-06
1.1565 5.50145e-06
1.157 5.51814e-06
1.1575 5.53485e-06
1.158 5.55159e-06
1.1585 5.56835e-06
1.159 5.58512e-06
1.1595 5.60192e-06
1.16 5.61875e-06
1.1605 5.63559e-06
1.161 5.65246e-06
1.1615 5.66935e-06
1.162 5.68626e-06
1.1625 5.70319e-06
1.163 5.72014e-06
1.1635 5.73711e-06
1.164 5.75411e-06
1.1645 5.77112e-06
1.165 5.78816e-06
1.1655 5.80522e-06
1.166 5.82229e-06
1.1665 5.83939e-06
1.167 5.85651e-06
1.1675 5.87365e-06
1.168 5.89081e-06
1.1685 5.90799e-06
1.169 5.92519e-06
1.1695 5.94241e-06
1.17 5.95965e-06
1.1705 5.97691e-06
1.171 5.99419e-06
1.1715 6.01149e-06
1.172 6.02881e-06
1.1725 6.04614e-06
1.173 6.0635e-06
1.1735 6.08088e-06
1.174 6.09827e-06
1.1745 6.11569e-06
1.175 6.13312e-06
1.1755 6.15057e-06
1.176 6.16804e-06
1.1765 6.18553e-06
1.177 6.20303e-06
1.1775 6.22056e-06
1.178 6.2381e-06
1.1785 6.25566e-06
1.179 6.27324e-06
1.1795 6.29084e-06
1.18 6.30845e-06
1.1805 6.32608e-06
1.181 6.34373e-06
1.1815 6.3614e-06
1.182 6.37908e-06
1.1825 6.39678e-06
1.183 6.4145e-06
1.1835 6.43223e-06
1.184 6.44998e-06
1.1845 6.46775e-06
1.185 6.48553e-06
1.1855 6.50333e-06
1.186 6.52115e-06
1.1865 6.53898e-06
1.187 6.55683e-06
1.1875 6.57469e-06
1.188 6.59257e-06
1.1885 6.61047e-06
1.189 6.62838e-06
1.1895 6.6463e-06
1.19 6.66424e-06
1.1905 6.6822e-06
1.191 6.70017e-06
1.1915 6.71815e-06
1.192 6.73615e-06
1.1925 6.75416e-06
1.193 6.77219e-06
1.1935 6.79024e-06
1.194 6.80829e-06
1.1945 6.82636e-06
1.195 6.84445e-06
1.1955 6.86254e-06
1.196 6.88066e-06
1.1965 6.89878e-06
1.197 6.91692e-06
1.1975 6.93507e-06
1.198 6.95323e-06
1.1985 6.97141e-06
1.199 6.9896e-06
1.1995 7.0078e-06
1.2 7.02602e-06
1.2005 7.04425e-06
1.201 7.06248e-06
1.2015 7.08074e-06
1.202 7.099e-06
1.2025 7.11727e-06
1.203 7.13556e-06
1.2035 7.15386e-06
1.204 7.17217e-06
1.2045 7.19049e-06
1.205 7.20882e-06
1.2055 7.22716e-06
1.206 7.24551e-06
1.2065 7.26387e-06
1.207 7.28225e-06
1.2075 7.30063e-06
1.208 7.31902e-06
1.2085 7.33743e-06
1.209 7.35584e-06
1.2095 7.37427e-06
1.21 7.3927e-06
1.2105 7.41114e-06
1.211 7.42959e-06
1.2115 7.44805e-06
1.212 7.46652e-06
1.2125 7.485e-06
1.213 7.50349e-06
1.2135 7.52198e-06
1.214 7.54048e-06
1.2145 7.559e-06
1.215 7.57752e-06
1.2155 7.59604e-06
1.216 7.61458e-06
1.2165 7.63312e-06
1.217 7.65167e-06
1.2175 7.67023e-06
1.218 7.68879e-06
1.2185 7.70736e-06
1.219 7.72594e-06
1.2195 7.74452e-06
1.22 7.76311e-06
1.2205 7.78171e-06
1.221 7.80031e-06
1.2215 7.81892e-06
1.222 7.83754e-06
1.2225 7.85616e-06
1.223 7.87478e-06
1.2235 7.89341e-06
1.224 7.91205e-06
1.2245 7.93069e-06
1.225 7.94934e-06
1.2255 7.96799e-06
1.226 7.98664e-06
1.2265 8.0053e-06
1.227 8.02396e-06
1.2275 8.04263e-06
1.228 8.0613e-06
1.2285 8.07998e-06
1.229 8.09866e-06
1.2295 8.11734e-06
1.23 8.13602e-06
1.2305 8.15471e-06
1.231 8.1734e-06
1.2315 8.19209e-06
1.232 8.21079e-06
1.2325 8.22948e-06
1.233 8.24818e-06
1.2335 8.26689e-06
1.234 8.28559e-06
1.2345 8.30429e-06
1.235 8.323e-06
1.2355 8.34171e-06
1.236 8.36042e-06
1.2365 8.37913e-06
1.237 8.39784e-06
1.2375 8.41655e-06
1.238 8.43526e-06
1.2385 8.45397e-06
1.239 8.47268e-06
1.2395 8.49139e-06
1.24 8.5101e-06
1.2405 8.52881e-06
1.241 8.54752e-06
1.2415 8.56623e-06
1.242 8.58494e-06
1.2425 8.60364e-06
1.243 8.62235e-06
1.2435 8.64105e-06
1.244 8.65975e-06
1.2445 8.67845e-06
1.245 8.69715e-06
1.2455 8.71585e-06
1.246 8.73454e-06
1.2465 8.75323e-06
1.247 8.77192e-06
1.2475 8.7906e-06
1.248 8.80928e-06
1.2485 8.82796e-06
1.249 8.84664e-06
1.2495 8.86531e-06
1.25 8.88397e-06
1.2505 8.90263e-06
1.251 8.92129e-06
1.2515 8.93995e-06
1.252 8.9586e-06
1.2525 8.97724e-06
1.253 8.99588e-06
1.2535 9.01451e-06
1.254 9.03314e-06
1.2545 9.05176e-06
1.255 9.07038e-06
1.2555 9.08899e-06
1.256 9.1076e-06
1.2565 9.12619e-06
1.257 9.14479e-06
1.2575 9.16337e-06
1.258 9.18195e-06
1.2585 9.20052e-06
1.259 9.21908e-06
1.2595 9.23764e-06
1.26 9.25619e-06
1.2605 9.27473e-06
1.261 9.29326e-06
1.2615 9.31179e-06
1.262 9.3303e-06
1.2625 9.34881e-06
1.263 9.36731e-06
1.2635 9.3858e-06
1.264 9.40428e-06
1.2645 9.42275e-06
1.265 9.44121e-06
1.2655 9.45967e-06
1.266 9.47811e-06
1.2665 9.49654e-06
1.267 9.51496e-06
1.2675 9.53337e-06
1.268 9.55177e-06
1.2685 9.57016e-06
1.269 9.58854e-06
1.2695 9.6069e-06
1.27 9.62526e-06
1.2705 9.6436e-06
1.271 9.66193e-06
1.2715 9.68025e-06
1.272 9.69856e-06
1.2725 9.71686e-06
1.273 9.73514e-06
1.2735 9.75341e-06
1.274 9.77166e-06
1.2745 9.78991e-06
1.275 9.80813e-06
1.2755 9.82635e-06
1.276 9.84455e-06
1.2765 9.86274e-06
1.277 9.88091e-06
1.2775 9.89907e-06
1.278 9.91722e-06
1.2785 9.93535e-06
1.279 9.95346e-06
1.2795 9.97156e-06
1.28 9.98964e-06
1.2805 1.00077e-05
1.281 1.00258e-05
1.2815 1.00438e-05
1.282 1.00618e-05
1.2825 1.00798e-05
1.283 1.00978e-05
1.2835 1.01158e-05
1.284 1.01337e-05
1.2845 1.01517e-05
1.285 1.01696e-05
1.2855 1.01875e-05
1.286 1.02054e-05
1.2865 1.02232e-05
1.287 1.02411e-05
1.2875 1.02589e-05
1.288 1.02767e-05
1.2885 1.02945e-05
1.289 1.03123e-05
1.2895 1.033e-05
1.29 1.03478e-05
1.2905 1.03655e-05
1.291 1.03832e-05
1.2915 1.04008e-05
1.292 1.04185e-05
1.2925 1.04361e-05
1.293 1.04537e-05
1.2935 1.04713e-05
1.294 1.04889e-05
1.2945 1.05065e-05
1.295 1.0524e-05
1.2955 1.05415e-05
1.296 1.0559e-05
1.2965 1.05764e-05
1.297 1.05939e-05
1.2975 1.06113e-05
1.298 1.06287e-05
1.2985 1.06461e-05
1.299 1.06634e-05
1.2995 1.06807e-05
1.3 1.0698e-05
1.3005 1.07153e-05
1.301 1.07326e-05
1.3015 1.07498e-05
1.302 1.0767e-05
1.3025 1.07842e-05
1.303 1.08013e-05
1.3035 1.08185e-05
1.304 1.08356e-05
1.3045 1.08527e-05
1.305 1.08697e-05
1.3055 1.08868e-05
1.306 1.09038e-05
1.3065 1.09207e-05
1.307 1.09377e-05
1.3075 1.09546e-05
1.308 1.09715e-05
1.3085 1.09884e-05
1.309 1.10052e-05
1.3095 1.10221e-05
1.31 1.10388e-05
1.3105 1.10556e-05
1.311 1.10723e-05
1.3115 1.1089e-05
1.312 1.11057e-05
1.3125 1.11224e-05
1.313 1.1139e-05
1.3135 1.11556e-05
1.314 1.11722e-05
1.3145 1.11887e-05
1.315 1.12052e-05
1.3155 1.12217e-05
1.316 1.12381e-05
1.3165 1.12545e-05
1.317 1.12709e-05
1.3175 1.12873e-05
1.318 1.13036e-05
1.3185 1.13199e-05
1.319 1.13361e-05
1.3195 1.13524e-05
1.32 1.13686e-05
1.3205 1.13847e-05
1.321 1.14009e-05
1.3215 1.1417e-05
1.322 1.1433e-05
1.3225 1.14491e-05
1.323 1.14651e-05
1.3235 1.14811e-05
1.324 1.1497e-05
1.3245 1.15129e-05
1.325 1.15288e-05
1.3255 1.15446e-05
1.326 1.15604e-05
1.3265 1.15762e-05
1.327 1.15919e-05
1.3275 1.16076e-05
1.328 1.16233e-05
1.3285 1.16389e-05
1.329 1.16545e-05
1.3295 1.16701e-05
1.33 1.16856e-05
1.3305 1.17011e-05
1.331 1.17165e-05
1.3315 1.1732e-05
1.332 1.17473e-05
1.3325 1.17627e-05
1.333 1.1778e-05
1.3335 1.17933e-05
1.334 1.18085e-05
1.3345 1.18237e-05
1.335 1.18389e-05
1.3355 1.1854e-05
1.336 1.18691e-05
1.3365 1.18841e-05
1.337 1.18991e-05
1.3375 1.19141e-05
1.338 1.1929e-05
1.3385 1.19439e-05
1.339 1.19588e-05
1.3395 1.19736e-05
1.34 1.19884e-05
1.3405 1.20031e-05
1.341 1.20178e-05
1.3415 1.20325e-05
1.342 1.20471e-05
1.3425 1.20616e-05
1.343 1.20762e-05
1.3435 1.20907e-05
1.344 1.21051e-05
1.3445 1.21195e-05
1.345 1.21339e-05
1.3455 1.21482e-05
1.346 1.21625e-05
1.3465 1.21768e-05
1.347 1.2191e-05
1.3475 1.22051e-05
1.348 1.22193e-05
1.3485 1.22333e-05
1.349 1.22474e-05
1.3495 1.22614e-05
1.35 1.22753e-05
1.3505 1.22892e-05
1.351 1.23031e-05
1.3515 1.23169e-05
1.352 1.23307e-05
1.3525 1.23444e-05
1.353 1.23581e-05
1.3535 1.23717e-05
1.354 1.23853e-05
1.3545 1.23989e-05
1.355 1.24124e-05
1.3555 1.24258e-05
1.356 1.24392e-05
1.3565 1.24526e-05
1.357 1.24659e-05
1.3575 1.24792e-05
1.358 1.24924e-05
1.3585 1.25056e-05
1.359 1.25188e-05
1.3595 1.25318e-05
1.36 1.25449e-05
1.3605 1.25579e-05
1.361 1.25708e-05
1.3615 1.25837e-05
1.362 1.25966e-05
1.3625 1.26094e-05
1.363 1.26222e-05
1.3635 1.26349e-05
1.364 1.26475e-05
1.3645 1.26602e-05
1.365 1.26727e-05
1.3655 1.26852e-05
1.366 1.26977e-05
1.3665 1.27101e-05
1.367 1.27225e-05
1.3675 1.27348e-05
1.368 1.27471e-05
1.3685 1.27593e-05
1.369 1.27715e-05
1.3695 1.27836e-05
1.37 1.27957e-05
1.3705 1.28077e-05
1.371 1.28197e-05
1.3715 1.28316e-05
1.372 1.28435e-05
1.3725 1.28553e-05
1.373 1.28671e-05
1.3735 1.28788e-05
1.374 1.28904e-05
1.3745 1.2902e-05
1.375 1.29136e-05
1.3755 1.29251e-05
1.376 1.29366e-05
1.3765 1.2948e-05
1.377 1.29593e-05
1.3775 1.29706e-05
1.378 1.29818e-05
1.3785 1.2993e-05
1.379 1.30042e-05
1.3795 1.30153e-05
1.38 1.30263e-05
1.3805 1.30373e-05
1.381 1.30482e-05
1.3815 1.30591e-05
1.382 1.30699e-05
1.3825 1.30806e-05
1.383 1.30913e-05
1.3835 1.3102e-05
1.384 1.31126e-05
1.3845 1.31231e-05
1.385 1.31336e-05
1.3855 1.3144e-05
1.386 1.31544e-05
1.3865 1.31647e-05
1.387 1.3175e-05
1.3875 1.31852e-05
1.388 1.31953e-05
1.3885 1.32054e-05
1.389 1.32155e-05
1.3895 1.32255e-05
1.39 1.32354e-05
1.3905 1.32453e-05
1.391 1.32551e-05
1.3915 1.32648e-05
1.392 1.32745e-05
1.3925 1.32842e-05
1.393 1.32937e-05
1.3935 1.33033e-05
1.394 1.33127e-05
1.3945 1.33221e-05
1.395 1.33315e-05
1.3955 1.33408e-05
1.396 1.335e-05
1.3965 1.33592e-05
1.397 1.33683e-05
1.3975 1.33774e-05
1.398 1.33864e-05
1.3985 1.33953e-05
1.399 1.34042e-05
1.3995 1.3413e-05
1.4 1.34218e-05
1.4005 1.34305e-05
1.401 1.34391e-05
1.4015 1.34477e-05
1.402 1.34562e-05
1.4025 1.34647e-05
1.403 1.34731e-05
1.4035 1.34814e-05
1.404 1.34897e-05
1.4045 1.34979e-05
1.405 1.35061e-05
1.4055 1.35142e-05
1.406 1.35222e-05
1.4065 1.35302e-05
1.407 1.35381e-05
1.4075 1.35459e-05
1.408 1.35537e-05
1.4085 1.35614e-05
1.409 1.35691e-05
1.4095 1.35767e-05
1.41 1.35843e-05
1.4105 1.35917e-05
1.411 1.35992e-05
1.4115 1.36065e-05
1.412 1.36138e-05
1.4125 1.3621e-05
1.413 1.36282e-05
1.4135 1.36353e-05
1.414 1.36423e-05
1.4145 1.36493e-05
1.415 1.36562e-05
1.4155 1.36631e-05
1.416 1.36699e-05
1.4165 1.36766e-05
1.417 1.36833e-05
1.4175 1.36899e-05
1.418 1.36964e-05
1.4185 1.37029e-05
1.419 1.37093e-05
1.4195 1.37156e-05
1.42 1.37219e-05
1.4205 1.37281e-05
1.421 1.37342e-05
1.4215 1.37403e-05
1.422 1.37463e-05
1.4225 1.37523e-05
1.423 1.37582e-05
1.4235 1.3764e-05
1.424 1.37698e-05
1.4245 1.37755e-05
1.425 1.37811e-05
1.4255 1.37866e-05
1.426 1.37921e-05
1.4265 1.37976e-05
1.427 1.38029e-05
1.4275 1.38082e-05
1.428 1.38135e-05
1.4285 1.38186e-05
1.429 1.38237e-05
1.4295 1.38288e-05
1.43 1.38337e-05
1.4305 1.38386e-05
1.431 1.38435e-05
1.4315 1.38482e-05
1.432 1.38529e-05
1.4325 1.38576e-05
1.433 1.38621e-05
1.4335 1.38666e-05
1.434 1.38711e-05
1.4345 1.38754e-05
1.435 1.38797e-05
1.4355 1.3884e-05
1.436 1.38881e-05
1.4365 1.38922e-05
1.437 1.38963e-05
1.4375 1.39002e-05
1.438 1.39041e-05
1.4385 1.3908e-05
1.439 1.39117e-05
1.4395 1.39154e-05
1.44 1.3919e-05
1.4405 1.39226e-05
1.441 1.39261e-05
1.4415 1.39295e-05
1.442 1.39329e-05
1.4425 1.39361e-05
1.443 1.39393e-05
1.4435 1.39425e-05
1.444 1.39456e-05
1.4445 1.39486e-05
1.445 1.39515e-05
1.4455 1.39544e-05
1.446 1.39572e-05
1.4465 1.39599e-05
1.447 1.39626e-05
1.4475 1.39652e-05
1.448 1.39677e-05
1.4485 1.39702e-05
1.449 1.39726e-05
1.4495 1.39749e-05
1.45 1.39771e-05
1.4505 1.39793e-05
1.451 1.39814e-05
1.4515 1.39835e-05
1.452 1.39855e-05
1.4525 1.39874e-05
1.453 1.39892e-05
1.4535 1.3991e-05
1.454 1.39927e-05
1.4545 1.39943e-05
1.455 1.39958e-05
1.4555 1.39973e-05
1.456 1.39987e-05
1.4565 1.40001e-05
1.457 1.40014e-05
1.4575 1.40026e-05
1.458 1.40037e-05
1.4585 1.40048e-05
1.459 1.40058e-05
1.4595 1.40067e-05
1.46 1.40076e-05
1.4605 1.40083e-05
1.461 1.40091e-05
1.4615 1.40097e-05
1.462 1.40103e-05
1.4625 1.40108e-05
1.463 1.40112e-05
1.4635 1.40116e-05
1.464 1.40119e-05
1.4645 1.40121e-05
1.465 1.40123e-05
1.4655 1.40123e-05
1.466 1.40124e-05
1.4665 1.40123e-05
1.467 1.40122e-05
1.4675 1.4012e-05
1.468 1.40117e-05
1.4685 1.40114e-05
1.469 1.4011e-05
1.4695 1.40105e-05
1.47 1.40099e-05
1.4705 1.40093e-05
1.471 1.40086e-05
1.4715 1.40078e-05
1.472 1.4007e-05
1.4725 1.40061e-05
1.473 1.40051e-05
1.4735 1.40041e-05
1.474 1.4003e-05
1.4745 1.40018e-05
1.475 1.40005e-05
1.4755 1.39992e-05
1.476 1.39978e-05
1.4765 1.39963e-05
1.477 1.39948e-05
1.4775 1.39932e-05
1.478 1.39915e-05
1.4785 1.39897e-05
1.479 1.39879e-05
1.4795 1.3986e-05
1.48 1.3984e-05
1.4805 1.3982e-05
1.481 1.39799e-05
1.4815 1.39777e-05
1.482 1.39755e-05
1.4825 1.39731e-05
1.483 1.39708e-05
1.4835 1.39683e-05
1.484 1.39658e-05
1.4845 1.39632e-05
1.485 1.39605e-05
1.4855 1.39577e-05
1.486 1.39549e-05
1.4865 1.3952e-05
1.487 1.39491e-05
1.4875 1.3946e-05
1.488 1.39429e-05
1.4885 1.39398e-05
1.489 1.39365e-05
1.4895 1.39332e-05
1.49 1.39298e-05
1.4905 1.39264e-05
1.491 1.39229e-05
1.4915 1.39193e-05
1.492 1.39156e-05
1.4925 1.39119e-05
1.493 1.39081e-05
1.4935 1.39042e-05
1.494 1.39003e-05
1.4945 1.38962e-05
1.495 1.38922e-05
1.4955 1.3888e-05
1.496 1.38838e-05
1.4965 1.38795e-05
1.497 1.38751e-05
1.4975 1.38707e-05
1.498 1.38662e-05
1.4985 1.38616e-05
1.499 1.3857e-05
1.4995 1.38522e-05
1.5 1.38475e-05
1.5005 1.38426e-05
1.501 1.38377e-05
1.5015 1.38327e-05
1.502 1.38276e-05
1.5025 1.38225e-05
1.503 1.38173e-05
1.5035 1.3812e-05
1.504 1.38067e-05
1.5045 1.38012e-05
1.505 1.37958e-05
1.5055 1.37902e-05
1.506 1.37846e-05
1.5065 1.37789e-05
1.507 1.37731e-05
1.5075 1.37673e-05
1.508 1.37614e-05
1.5085 1.37554e-05
1.509 1.37494e-05
1.5095 1.37433e-05
1.51 1.37371e-05
1.5105 1.37309e-05
1.511 1.37246e-05
1.5115 1.37182e-05
1.512 1.37117e-05
1.5125 1.37052e-05
1.513 1.36986e-05
1.5135 1.3692e-05
1.514 1.36853e-05
1.5145 1.36785e-05
1.515 1.36716e-05
1.5155 1.36647e-05
1.516 1.36577e-05
1.5165 1.36506e-05
1.517 1.36435e-05
1.5175 1.36363e-05
1.518 1.3629e-05
1.5185 1.36217e-05
1.519 1.36143e-05
1.5195 1.36068e-05
1.52 1.35993e-05
1.5205 1.35917e-05
1.521 1.3584e-05
1.5215 1.35762e-05
1.522 1.35684e-05
1.5225 1.35606e-05
1.523 1.35526e-05
1.5235 1.35446e-05
1.524 1.35365e-05
1.5245 1.35284e-05
1.525 1.35202e-05
1.5255 1.35119e-05
1.526 1.35036e-05
1.5265 1.34951e-05
1.527 1.34867e-05
1.5275 1.34781e-05
1.528 1.34695e-05
1.5285 1.34608e-05
1.529 1.34521e-05
1.5295 1.34433e-05
1.53 1.34344e-05
1.5305 1.34255e-05
1.531 1.34165e-05
1.5315 1.34074e-05
1.532 1.33983e-05
1.5325 1.33891e-05
1.533 1.33798e-05
1.5335 1.33705e-05
1.534 1.33611e-05
1.5345 1.33516e-05
1.535 1.33421e-05
1.5355 1.33325e-05
1.536 1.33229e-05
1.5365 1.33132e-05
1.537 1.33034e-05
1.5375 1.32935e-05
1.538 1.32836e-05
1.5385 1.32737e-05
1.539 1.32636e-05
1.5395 1.32535e-05
1.54 1.32433e-05
1.5405 1.32331e-05
1.541 1.32228e-05
1.5415 1.32125e-05
1.542 1.32021e-05
1.5425 1.31916e-05
1.543 1.3181e-05
1.5435 1.31704e-05
1.544 1.31598e-05
1.5445 1.3149e-05
1.545 1.31382e-05
1.5455 1.31274e-05
1.546 1.31165e-05
1.5465 1.31055e-05
1.547 1.30944e-05
1.5475 1.30833e-05
1.548 1.30722e-05
1.5485 1.30609e-05
1.549 1.30496e-05
1.5495 1.30383e-05
1.55 1.30269e-05
1.5505 1.30154e-05
1.551 1.30039e-05
1.5515 1.29923e-05
1.552 1.29806e-05
1.5525 1.29689e-05
1.553 1.29571e-05
1.5535 1.29453e-05
1.554 1.29334e-05
1.5545 1.29214e-05
1.555 1.29094e-05
1.5555 1.28974e-05
1.556 1.28852e-05
1.5565 1.2873e-05
1.557 1.28608e-05
1.5575 1.28485e-05
1.558 1.28361e-05
1.5585 1.28237e-05
1.559 1.28112e-05
1.5595 1.27986e-05
1.56 1.2786e-05
1.5605 1.27734e-05
1.561 1.27606e-05
1.5615 1.27479e-05
1.562 1.2735e-05
1.5625 1.27221e-05
1.563 1.27092e-05
1.5635 1.26962e-05
1.564 1.26831e-05
1.5645 1.267e-05
1.565 1.26568e-05
1.5655 1.26436e-05
1.566 1.26303e-05
1.5665 1.26169e-05
1.567 1.26035e-05
1.5675 1.259e-05
1.568 1.25765e-05
1.5685 1.2563e-05
1.569 1.25493e-05
1.5695 1.25356e-05
1.57 1.25219e-05
1.5705 1.25081e-05
1.571 1.24943e-05
1.5715 1.24804e-05
1.572 1.24664e-05
1.5725 1.24524e-05
1.573 1.24383e-05
1.5735 1.24242e-05
1.574 1.241e-05
1.5745 1.23958e-05
1.575 1.23815e-05
1.5755 1.23672e-05
1.576 1.23528e-05
1.5765 1.23383e-05
1.577 1.23239e-05
1.5775 1.23093e-05
1.578 1.22947e-05
1.5785 1.22801e-05
1.579 1.22653e-05
1.5795 1.22506e-05
1.58 1.22358e-05
1.5805 1.22209e-05
1.581 1.2206e-05
1.5815 1.21911e-05
1.582 1.2176e-05
1.5825 1.2161e-05
1.583 1.21459e-05
1.5835 1.21307e-05
1.584 1.21155e-05
1.5845 1.21002e-05
1.585 1.20849e-05
1.5855 1.20695e-05
1.586 1.20541e-05
1.5865 1.20386e-05
1.587 1.20231e-05
1.5875 1.20076e-05
1.588 1.1992e-05
1.5885 1.19763e-05
1.589 1.19606e-05
1.5895 1.19448e-05
1.59 1.1929e-05
1.5905 1.19132e-05
1.591 1.18973e-05
1.5915 1.18813e-05
1.592 1.18653e-05
1.5925 1.18493e-05
1.593 1.18332e-05
1.5935 1.18171e-05
1.594 1.18009e-05
1.5945 1.17846e-05
1.595 1.17684e-05
1.5955 1.1752e-05
1.596 1.17357e-05
1.5965 1.17193e-05
1.597 1.17028e-05
1.5975 1.16863e-05
1.598 1.16698e-05
1.5985 1.16532e-05
1.599 1.16365e-05
1.5995 1.16198e-05
1.6 1.16031e-05
1.6005 1.15863e-05
1.601 1.15695e-05
1.6015 1.15527e-05
1.602 1.15358e-05
1.6025 1.15188e-05
1.603 1.15018e-05
1.6035 1.14848e-05
1.604 1.14677e-05
1.6045 1.14506e-05
1.605 1.14335e-05
1.6055 1.14163e-05
1.606 1.1399e-05
1.6065 1.13817e-05
1.607 1.13644e-05
1.6075 1.1347e-05
1.608 1.13296e-05
1.6085 1.13122e-05
1.609 1.12947e-05
1.6095 1.12772e-05
1.61 1.12596e-05
1.6105 1.1242e-05
1.611 1.12244e-05
1.6115 1.12067e-05
1.612 1.11889e-05
1.6125 1.11712e-05
1.613 1.11534e-05
1.6135 1.11355e-05
1.614 1.11177e-05
1.6145 1.10997e-05
1.615 1.10818e-05
1.6155 1.10638e-05
1.616 1.10458e-05
1.6165 1.10277e-05
1.617 1.10096e-05
1.6175 1.09914e-05
1.618 1.09733e-05
1.6185 1.0955e-05
1.619 1.09368e-05
1.6195 1.09185e-05
1.62 1.09002e-05
1.6205 1.08818e-05
1.621 1.08634e-05
1.6215 1.0845e-05
1.622 1.08265e-05
1.6225 1.0808e-05
1.623 1.07895e-05
1.6235 1.07709e-05
1.624 1.07523e-05
1.6245 1.07337e-05
1.625 1.0715e-05
1.6255 1.06963e-05
1.626 1.06776e-05
1.6265 1.06588e-05
1.627 1.064e-05
1.6275 1.06212e-05
1.628 1.06023e-05
1.6285 1.05834e-05
1.629 1.05645e-05
1.6295 1.05455e-05
1.63 1.05265e-05
1.6305 1.05075e-05
1.631 1.04884e-05
1.6315 1.04694e-05
1.632 1.04502e-05
1.6325 1.04311e-05
1.633 1.04119e-05
1.6335 1.03927e-05
1.634 1.03735e-05
1.6345 1.03542e-05
1.635 1.03349e-05
1.6355 1.03156e-05
1.636 1.02962e-05
1.6365 1.02769e-05
1.637 1.02575e-05
1.6375 1.0238e-05
1.638 1.02186e-05
1.6385 1.01991e-05
1.639 1.01795e-05
1.6395 1.016e-05
1.64 1.01404e-05
1.6405 1.01208e-05
1.641 1.01012e-05
1.6415 1.00816e-05
1.642 1.00619e-05
1.6425 1.00422e-05
1.643 1.00225e-05
1.6435 1.00027e-05
1.644 9.98292e-06
1.6445 9.96312e-06
1.645 9.9433e-06
1.6455 9.92344e-06
1.646 9.90357e-06
1.6465 9.88367e-06
1.647 9.86375e-06
1.6475 9.8438e-06
1.648 9.82384e-06
1.6485 9.80384e-06
1.649 9.78383e-06
1.6495 9.76379e-06
1.65 9.74374e-06
1.6505 9.72366e-06
1.651 9.70355e-06
1.6515 9.68343e-06
1.652 9.66329e-06
1.6525 9.64312e-06
1.653 9.62293e-06
1.6535 9.60273e-06
1.654 9.5825e-06
1.6545 9.56225e-06
1.655 9.54199e-06
1.6555 9.5217e-06
1.656 9.50139e-06
1.6565 9.48107e-06
1.657 9.46073e-06
1.6575 9.44036e-06
1.658 9.41998e-06
1.6585 9.39958e-06
1.659 9.37917e-06
1.6595 9.35873e-06
1.66 9.33828e-06
1.6605 9.31781e-06
1.661 9.29733e-06
1.6615 9.27682e-06
1.662 9.25631e-06
1.6625 9.23577e-06
1.663 9.21522e-06
1.6635 9.19465e-06
1.664 9.17407e-06
1.6645 9.15347e-06
1.665 9.13286e-06
1.6655 9.11223e-06
1.666 9.09159e-06
1.6665 9.07093e-06
1.667 9.05026e-06
1.6675 9.02957e-06
1.668 9.00887e-06
1.6685 8.98816e-06
1.669 8.96743e-06
1.6695 8.9467e-06
1.67 8.92594e-06
1.6705 8.90518e-06
1.671 8.8844e-06
1.6715 8.86362e-06
1.672 8.84282e-06
1.6725 8.822e-06
1.673 8.80118e-06
1.6735 8.78035e-06
1.674 8.7595e-06
1.6745 8.73865e-06
1.675 8.71778e-06
1.6755 8.6969e-06
1.676 8.67602e-06
1.6765 8.65512e-06
1.677 8.58513e-06
1.6775 8.56418e-06
1.678 8.54321e-06
1.6785 8.57145e-06
1.679 8.5505e-06
1.6795 8.52955e-06
1.68 8.5086e-06
1.6805 8.48763e-06
1.681 8.46666e-06
1.6815 8.44568e-06
1.682 8.42469e-06
1.6825 8.4037e-06
1.683 8.3827e-06
1.6835 8.36169e-06
1.684 8.34067e-06
1.6845 8.31965e-06
1.685 8.29863e-06
1.6855 8.2776e-06
1.686 8.25656e-06
1.6865 8.23552e-06
1.687 8.21447e-06
1.6875 8.19342e-06
1.688 8.17237e-06
1.6885 8.15131e-06
1.689 8.13024e-06
1.6895 8.10918e-06
1.69 8.08811e-06
1.6905 8.06703e-06
1.691 8.04596e-06
1.6915 8.02488e-06
1.692 8.00379e-06
1.6925 7.98271e-06
1.693 7.96162e-06
1.6935 7.94053e-06
1.694 7.91944e-06
1.6945 7.89835e-06
1.695 7.87726e-06
1.6955 7.85616e-06
1.696 7.83507e-06
1.6965 7.81398e-06
1.697 7.79288e-06
1.6975 7.77178e-06
1.698 7.75069e-06
1.6985 7.72959e-06
1.699 7.7085e-06
1.6995 7.68741e-06
1.7 7.66631e-06
1.7005 7.64522e-06
1.701 7.62413e-06
1.7015 7.60304e-06
1.702 7.58196e-06
1.7025 7.56087e-06
1.703 7.53979e-06
1.7035 7.51871e-06
1.704 7.49764e-06
1.7045 7.47656e-06
1.705 7.45549e-06
1.7055 7.43443e-06
1.706 7.41337e-06
1.7065 7.39231e-06
1.707 7.37125e-06
1.7075 7.3502e-06
1.708 7.32916e-06
1.7085 7.30811e-06
1.709 7.28708e-06
1.7095 7.26605e-06
1.71 7.24502e-06
1.7105 7.224e-06
1.711 7.20299e-06
1.7115 7.18198e-06
1.712 7.16098e-06
1.7125 7.13999e-06
1.713 7.119e-06
1.7135 7.09802e-06
1.714 7.07704e-06
1.7145 7.05608e-06
1.715 7.03512e-06
1.7155 7.01417e-06
1.716 6.99322e-06
1.7165 6.97229e-06
1.717 6.95136e-06
1.7175 6.93045e-06
1.718 6.90954e-06
1.7185 6.88864e-06
1.719 6.86775e-06
1.7195 6.84687e-06
1.72 6.82599e-06
1.7205 6.80513e-06
1.721 6.78428e-06
1.7215 6.76344e-06
1.722 6.74261e-06
1.7225 6.72179e-06
1.723 6.70098e-06
1.7235 6.68018e-06
1.724 6.6594e-06
1.7245 6.63862e-06
1.725 6.61786e-06
1.7255 6.59711e-06
1.726 6.57637e-06
1.7265 6.55564e-06
1.727 6.53493e-06
1.7275 6.51423e-06
1.728 6.49354e-06
1.7285 6.47287e-06
1.729 6.4522e-06
1.7295 6.43156e-06
1.73 6.41092e-06
1.7305 6.3903e-06
1.731 6.3697e-06
1.7315 6.3491e-06
1.732 6.32853e-06
1.7325 6.30796e-06
1.733 6.28742e-06
1.7335 6.26688e-06
1.734 6.24637e-06
1.7345 6.22587e-06
1.735 6.20538e-06
1.7355 6.18491e-06
1.736 6.16446e-06
1.7365 6.14402e-06
1.737 6.1236e-06
1.7375 6.10319e-06
1.738 6.08281e-06
1.7385 6.06244e-06
1.739 6.04208e-06
1.7395 6.02175e-06
1.74 6.00143e-06
1.7405 5.98113e-06
1.741 5.96085e-06
1.7415 5.94059e-06
1.742 5.92034e-06
1.7425 5.90011e-06
1.743 5.87991e-06
1.7435 5.85972e-06
1.744 5.83955e-06
1.7445 5.8194e-06
1.745 5.79927e-06
1.7455 5.77915e-06
1.746 5.75906e-06
1.7465 5.73899e-06
1.747 5.71894e-06
1.7475 5.69891e-06
1.748 5.6789e-06
1.7485 5.65891e-06
1.749 5.63894e-06
1.7495 5.61899e-06
1.75 5.59907e-06
1.7505 5.57916e-06
1.751 5.55928e-06
1.7515 5.53942e-06
1.752 5.51958e-06
1.7525 5.49976e-06
1.753 5.47997e-06
1.7535 5.4602e-06
1.754 5.44045e-06
1.7545 5.42072e-06
1.755 5.40102e-06
1.7555 5.38134e-06
1.756 5.36168e-06
1.7565 5.34205e-06
1.757 5.32244e-06
1.7575 5.30285e-06
1.758 5.28329e-06
1.7585 5.26375e-06
1.759 5.24424e-06
1.7595 5.22475e-06
1.76 5.20528e-06
1.7605 5.18584e-06
1.761 5.16643e-06
1.7615 5.14704e-06
1.762 5.12768e-06
1.7625 5.10834e-06
1.763 5.08903e-06
1.7635 5.06974e-06
1.764 5.05048e-06
1.7645 5.03124e-06
1.765 5.01204e-06
1.7655 4.99285e-06
1.766 4.9737e-06
1.7665 4.95457e-06
1.767 4.93547e-06
1.7675 4.91639e-06
1.768 4.89735e-06
1.7685 4.87833e-06
1.769 4.85933e-06
1.7695 4.84037e-06
1.77 4.82143e-06
1.7705 4.80252e-06
1.771 4.78364e-06
1.7715 4.76479e-06
1.772 4.74597e-06
1.7725 4.72717e-06
1.773 4.7084e-06
1.7735 4.68966e-06
1.774 4.67096e-06
1.7745 4.65228e-06
1.775 4.63362e-06
1.7755 4.615e-06
1.776 4.59641e-06
1.7765 4.57785e-06
1.777 4.55932e-06
1.7775 4.54082e-06
1.778 4.52234e-06
1.7785 4.5039e-06
1.779 4.48549e-06
1.7795 4.46711e-06
1.78 4.44876e-06
1.7805 4.43044e-06
1.781 4.41215e-06
1.7815 4.3939e-06
1.782 4.37567e-06
1.7825 4.35747e-06
1.783 4.33931e-06
1.7835 4.32118e-06
1.784 4.30308e-06
1.7845 4.28501e-06
1.785 4.26698e-06
1.7855 4.24897e-06
1.786 4.231e-06
1.7865 4.21306e-06
1.787 4.19515e-06
1.7875 4.17728e-06
1.788 4.15944e-06
1.7885 4.14163e-06
1.789 4.12385e-06
1.7895 4.10611e-06
1.79 4.0884e-06
1.7905 4.07073e-06
1.791 4.05308e-06
1.7915 4.03547e-06
1.792 4.0179e-06
1.7925 4.00036e-06
1.793 3.98285e-06
1.7935 3.96538e-06
1.794 3.94794e-06
1.7945 3.93053e-06
1.795 3.91316e-06
1.7955 3.89583e-06
1.796 3.87853e-06
1.7965 3.86126e-06
1.797 3.84403e-06
1.7975 3.82683e-06
1.798 3.80967e-06
1.7985 3.79254e-06
1.799 3.77545e-06
1.7995 3.7584e-06
1.8 3.74137e-06
1.8005 3.72439e-06
1.801 3.70744e-06
1.8015 3.69053e-06
1.802 3.67365e-06
1.8025 3.65681e-06
1.803 3.64e-06
1.8035 3.62323e-06
1.804 3.6065e-06
1.8045 3.5898e-06
1.805 3.57314e-06
1.8055 3.55652e-06
1.806 3.53993e-06
1.8065 3.52338e-06
1.807 3.50687e-06
1.8075 3.4904e-06
1.808 3.47396e-06
1.8085 3.45755e-06
1.809 3.44119e-06
1.8095 3.42486e-06
1.81 3.40857e-06
1.8105 3.39232e-06
1.811 3.37611e-06
1.8115 3.35993e-06
1.812 3.34379e-06
1.8125 3.32769e-06
1.813 3.31162e-06
1.8135 3.2956e-06
1.814 3.27961e-06
1.8145 3.26366e-06
1.815 3.24775e-06
1.8155 3.23188e-06
1.816 3.21604e-06
1.8165 3.20025e-06
1.817 3.18449e-06
1.8175 3.16877e-06
1.818 3.15309e-06
1.8185 3.13745e-06
1.819 3.12185e-06
1.8195 3.10629e-06
1.82 3.09077e-06
1.8205 3.07528e-06
1.821 3.05984e-06
1.8215 3.04443e-06
1.822 3.02906e-06
1.8225 3.01373e-06
1.823 2.99845e-06
1.8235 2.9832e-06
1.824 2.96799e-06
1.8245 2.95282e-06
1.825 2.93769e-06
1.8255 2.9226e-06
1.826 2.90755e-06
1.8265 2.89254e-06
1.827 2.87757e-06
1.8275 2.86264e-06
1.828 2.84775e-06
1.8285 2.8329e-06
1.829 2.81809e-06
1.8295 2.80333e-06
1.83 2.7886e-06
1.8305 2.77391e-06
1.831 2.75926e-06
1.8315 2.74465e-06
1.832 2.73009e-06
1.8325 2.71556e-06
1.833 2.70108e-06
1.8335 2.68663e-06
1.834 2.67223e-06
1.8345 2.65787e-06
1.835 2.64354e-06
1.8355 2.62926e-06
1.836 2.61502e-06
1.8365 2.60083e-06
1.837 2.58667e-06
1.8375 2.57255e-06
1.838 2.55848e-06
1.8385 2.54444e-06
1.839 2.53045e-06
1.8395 2.5165e-06
1.84 2.50259e-06
1.8405 2.48872e-06
1.841 2.47489e-06
1.8415 2.4611e-06
1.842 2.44736e-06
1.8425 2.43366e-06
1.843 2.42e-06
1.8435 2.40638e-06
1.844 2.3928e-06
1.8445 2.37926e-06
1.845 2.36577e-06
1.8455 2.35231e-06
1.846 2.3389e-06
1.8465 2.32553e-06
1.847 2.31221e-06
1.8475 2.29892e-06
1.848 2.28568e-06
1.8485 2.27248e-06
1.849 2.25932e-06
1.8495 2.2462e-06
1.85 2.23312e-06
1.8505 2.22009e-06
1.851 2.2071e-06
1.8515 2.19415e-06
1.852 2.18124e-06
1.8525 2.16838e-06
1.853 2.15556e-06
1.8535 2.14277e-06
1.854 2.13004e-06
1.8545 2.11734e-06
1.855 2.10469e-06
1.8555 2.09207e-06
1.856 2.07951e-06
1.8565 2.06698e-06
1.857 2.05449e-06
1.8575 2.04205e-06
1.858 2.02965e-06
1.8585 2.0173e-06
1.859 2.00498e-06
1.8595 1.99271e-06
1.86 1.98048e-06
1.8605 1.96829e-06
1.861 1.95614e-06
1.8615 1.94404e-06
1.862 1.93198e-06
1.8625 1.91996e-06
1.863 1.90799e-06
1.8635 1.89605e-06
1.864 1.88416e-06
1.8645 1.87232e-06
1.865 1.86051e-06
1.8655 1.84875e-06
1.866 1.83703e-06
1.8665 1.82535e-06
1.867 1.81371e-06
1.8675 1.80212e-06
1.868 1.79057e-06
1.8685 1.77906e-06
1.869 1.7676e-06
1.8695 1.75617e-06
1.87 1.74479e-06
1.8705 1.73346e-06
1.871 1.72216e-06
1.8715 1.71091e-06
1.872 1.6997e-06
1.8725 1.68853e-06
1.873 1.6774e-06
1.8735 1.66632e-06
1.874 1.65528e-06
1.8745 1.64428e-06
1.875 1.63333e-06
1.8755 1.62241e-06
1.876 1.61154e-06
1.8765 1.60071e-06
1.877 1.58993e-06
1.8775 1.57918e-06
1.878 1.56848e-06
1.8785 1.55782e-06
1.879 1.54721e-06
1.8795 1.53663e-06
1.88 1.5261e-06
1.8805 1.51561e-06
1.881 1.50517e-06
1.8815 1.49476e-06
1.882 1.4844e-06
1.8825 1.47408e-06
1.883 1.4638e-06
1.8835 1.45356e-06
1.884 1.44337e-06
1.8845 1.43322e-06
1.885 1.42311e-06
1.8855 1.41304e-06
1.886 1.40301e-06
1.8865 1.39303e-06
1.887 1.38309e-06
1.8875 1.37319e-06
1.888 1.36333e-06
1.8885 1.35352e-06
1.889 1.34374e-06
1.8895 1.33401e-06
1.89 1.32432e-06
1.8905 1.31467e-06
1.891 1.30507e-06
1.8915 1.2955e-06
1.892 1.28598e-06
1.8925 1.2765e-06
1.893 1.26706e-06
1.8935 1.25766e-06
1.894 1.2483e-06
1.8945 1.23899e-06
1.895 1.22971e-06
1.8955 1.22048e-06
1.896 1.21129e-06
1.8965 1.20214e-06
1.897 1.19304e-06
1.8975 1.18397e-06
1.898 1.17494e-06
1.8985 1.16596e-06
1.899 1.15702e-06
1.8995 1.14812e-06
1.9 1.13926e-06
1.9005 1.13044e-06
1.901 1.12166e-06
1.9015 1.11292e-06
1.902 1.10423e-06
1.9025 1.09557e-06
1.903 1.08696e-06
1.9035 1.07838e-06
1.904 1.06985e-06
1.9045 1.06136e-06
1.905 1.05291e-06
1.9055 1.0445e-06
1.906 1.03613e-06
1.9065 1.0278e-06
1.907 1.01951e-06
1.9075 1.01126e-06
1.908 1.00305e-06
1.9085 9.94885e-07
1.909 9.86757e-07
1.9095 9.7867e-07
1.91 9.70623e-07
1.9105 9.62616e-07
1.911 9.54649e-07
1.9115 9.46722e-07
1.912 9.38836e-07
1.9125 9.30989e-07
1.913 9.23182e-07
1.9135 9.15414e-07
1.914 9.07687e-07
1.9145 8.99999e-07
1.915 8.92351e-07
1.9155 8.84742e-07
1.916 8.77173e-07
1.9165 8.69643e-07
1.917 8.62153e-07
1.9175 8.54702e-07
1.918 8.4729e-07
1.9185 8.39917e-07
1.919 8.32584e-07
1.9195 8.2529e-07
1.92 8.18035e-07
1.9205 8.10818e-07
1.921 8.03641e-07
1.9215 7.96502e-07
1.922 7.89402e-07
1.9225 7.82341e-07
1.923 7.75319e-07
1.9235 7.68335e-07
1.924 7.61389e-07
1.9245 7.54482e-07
1.925 7.47614e-07
1.9255 7.40783e-07
1.926 7.33991e-07
1.9265 7.27237e-07
1.927 7.20521e-07
1.9275 7.13843e-07
1.928 7.07203e-07
1.9285 7.00601e-07
1.929 6.94037e-07
1.9295 6.87511e-07
1.93 6.81022e-07
1.9305 6.7457e-07
1.931 6.68157e-07
1.9315 6.6178e-07
1.932 6.55441e-07
1.9325 6.4914e-07
1.933 6.42875e-07
1.9335 6.36648e-07
1.934 6.30458e-07
1.9345 6.24304e-07
1.935 6.18188e-07
1.9355 6.12108e-07
1.936 6.06066e-07
1.9365 6.0006e-07
1.937 5.9409e-07
1.9375 5.88157e-07
1.938 5.82261e-07
1.9385 5.764e-07
1.939 5.70577e-07
1.9395 5.64789e-07
1.94 5.59037e-07
1.9405 5.53322e-07
1.941 5.47642e-07
1.9415 5.41999e-07
1.942 5.36391e-07
1.9425 5.30819e-07
1.943 5.25282e-07
1.9435 5.19781e-07
1.944 5.14316e-07
1.9445 5.08886e-07
1.945 5.03491e-07
1.9455 4.98131e-07
1.946 4.92807e-07
1.9465 4.87517e-07
1.947 4.82263e-07
1.9475 4.77043e-07
1.948 4.71858e-07
1.9485 4.66708e-07
1.949 4.61593e-07
1.9495 4.56512e-07
1.95 4.51465e-07
1.9505 4.46453e-07
1.951 4.41475e-07
1.9515 4.36531e-07
1.952 4.31622e-07
1.9525 4.26746e-07
1.953 4.21904e-07
1.9535 4.17096e-07
1.954 4.12322e-07
1.9545 4.07582e-07
1.955 4.02874e-07
1.9555 3.98201e-07
1.956 3.93561e-07
1.9565 3.88954e-07
1.957 3.8438e-07
1.9575 3.79839e-07
1.958 3.75331e-07
1.9585 3.70857e-07
1.959 3.66415e-07
1.9595 3.62005e-07
1.96 3.57629e-07
1.9605 3.53285e-07
1.961 3.48973e-07
1.9615 3.44693e-07
1.962 3.40446e-07
1.9625 3.36231e-07
1.963 3.32048e-07
1.9635 3.27897e-07
1.964 3.23778e-07
1.9645 3.19691e-07
1.965 3.15635e-07
1.9655 3.11611e-07
1.966 3.07619e-07
1.9665 3.03657e-07
1.967 2.99727e-07
1.9675 2.95829e-07
1.968 2.91961e-07
1.9685 2.88124e-07
1.969 2.84318e-07
1.9695 2.80543e-07
1.97 2.76799e-07
1.9705 2.73085e-07
1.971 2.69402e-07
1.9715 2.65749e-07
1.972 2.62127e-07
1.9725 2.58535e-07
1.973 2.54972e-07
1.9735 2.5144e-07
1.974 2.47938e-07
1.9745 2.44465e-07
1.975 2.41023e-07
1.9755 2.37609e-07
1.976 2.34226e-07
1.9765 2.30871e-07
1.977 2.27546e-07
1.9775 2.2425e-07
1.978 2.20984e-07
1.9785 2.17746e-07
1.979 2.14537e-07
1.9795 2.11357e-07
1.98 2.08206e-07
1.9805 2.05083e-07
1.981 2.01989e-07
1.9815 1.98923e-07
1.982 1.95885e-07
1.9825 1.92876e-07
1.983 1.89894e-07
1.9835 1.86941e-07
1.984 1.84015e-07
1.9845 1.81118e-07
1.985 1.78247e-07
1.9855 1.75405e-07
1.986 1.7259e-07
1.9865 1.69802e-07
1.987 1.67041e-07
1.9875 1.64308e-07
1.988 1.61602e-07
1.9885 1.58922e-07
1.989 1.56269e-07
1.9895 1.53644e-07
1.99 1.51044e-07
1.9905 1.48472e-07
1.991 1.45925e-07
1.9915 1.43405e-07
1.992 1.40911e-07
1.9925 1.38443e-07
1.993 1.36002e-07
1.9935 1.33586e-07
1.994 1.31195e-07
1.9945 1.28831e-07
1.995 1.26492e-07
1.9955 1.24179e-07
1.996 1.2189e-07
1.9965 1.19628e-07
1.997 1.1739e-07
1.9975 1.15177e-07
1.998 1.12989e-07
1.9985 1.10826e-07
1.999 1.08688e-07
1.9995 1.06575e-07
2 1.04485e-07
2.0005 1.02421e-07
2.001 1.0038e-07
2.0015 9.83639e-08
2.002 9.63717e-08
2.0025 9.44035e-08
2.003 9.24591e-08
2.0035 9.05385e-08
2.004 8.86416e-08
2.0045 8.67681e-08
2.005 8.49182e-08
2.0055 8.30915e-08
2.006 8.12881e-08
2.0065 7.95078e-08
2.007 7.77505e-08
2.0075 7.6016e-08
2.008 7.43044e-08
2.0085 7.26155e-08
2.009 7.09492e-08
2.0095 6.93053e-08
2.01 6.76838e-08
2.0105 6.60846e-08
2.011 6.45075e-08
2.0115 6.29525e-08
2.012 6.14194e-08
2.0125 5.99081e-08
2.013 5.84186e-08
2.0135 5.69506e-08
2.014 5.55042e-08
2.0145 5.40792e-08
2.015 5.26755e-08
2.0155 5.1293e-08
2.016 4.99316e-08
2.0165 4.85912e-08
2.017 4.72716e-08
2.0175 4.59728e-08
2.018 4.46947e-08
2.0185 4.34371e-08
2.019 4.21999e-08
2.0195 4.09831e-08
2.02 3.97866e-08
2.0205 3.86101e-08
2.021 3.74537e-08
2.0215 3.63172e-08
2.022 3.52005e-08
2.0225 3.41035e-08
2.023 3.30261e-08
2.0235 3.19682e-08
2.024 3.09296e-08
2.0245 2.99104e-08
2.025 2.89103e-08
2.0255 2.79293e-08
2.026 2.69672e-08
2.0265 2.6024e-08
2.027 2.50996e-08
2.0275 2.41938e-08
2.028 2.33065e-08
2.0285 2.24377e-08
2.029 2.15872e-08
2.0295 2.07549e-08
2.03 1.99407e-08
2.0305 1.91446e-08
2.031 1.83663e-08
2.0315 1.76059e-08
2.032 1.68632e-08
2.0325 1.6138e-08
2.033 1.54303e-08
2.0335 1.47401e-08
2.034 1.40671e-08
2.0345 1.34113e-08
2.035 1.27725e-08
2.0355 1.21507e-08
2.036 1.15458e-08
2.0365 1.09577e-08
2.037 1.03862e-08
2.0375 9.83123e-09
2.038 9.29274e-09
2.0385 8.7706e-09
2.039 8.2647e-09
2.0395 7.77494e-09
2.04 7.30122e-09
2.0405 6.84343e-09
2.041 6.40148e-09
2.0415 5.97526e-09
2.042 5.56466e-09
2.0425 5.1696e-09
2.043 4.78995e-09
2.0435 4.42563e-09
2.044 4.07653e-09
2.0445 3.74254e-09
2.045 3.42358e-09
2.0455 3.11952e-09
2.046 2.83029e-09
2.0465 2.55576e-09
2.047 2.29585e-09
2.0475 2.05046e-09
2.048 1.81947e-09
2.0485 1.60279e-09
2.049 1.40033e-09
2.0495 1.21197e-09
2.05 1.03763e-09
2.0505 8.77198e-10
2.051 7.30578e-10
2.0515 5.9767e-10
2.052 4.78376e-10
2.0525 3.72595e-10
2.053 2.8023e-10
2.0535 2.01181e-10
2.054 1.35351e-10
2.0545 8.26404e-11
2.055 4.29515e-11
2.0555 1.61865e-11
2.056 2.24759e-12
2.0565 1.03716e-12
2.057 1.24579e-11
2.0575 3.64125e-11
2.058 7.28042e-11
2.0585 1.21536e-10
2.059 1.82511e-10
2.0595 2.55634e-10
2.06 3.40808e-10
2.0605 4.37937e-10
2.061 5.46925e-10
2.0615 6.67676e-10
2.062 8.00096e-10
2.0625 9.44089e-10
2.063 1.09956e-09
2.0635 1.26642e-09
2.064 1.44456e-09
2.0645 1.6339e-09
2.065 1.83434e-09
2.0655 2.04578e-09
2.066 2.26814e-09
2.0665 2.50132e-09
2.067 2.74522e-09
2.0675 2.99976e-09
2.068 3.26483e-09
2.0685 3.54036e-09
2.069 3.82624e-09
2.0695 4.12238e-09
2.07 4.4287e-09
2.0705 4.74509e-09
2.071 5.07148e-09
2.0715 5.40776e-09
2.072 5.75385e-09
2.0725 6.10965e-09
2.073 6.47508e-09
2.0735 6.85004e-09
2.074 7.23445e-09
2.0745 7.62821e-09
2.075 8.03124e-09
2.0755 8.44344e-09
2.076 8.86473e-09
2.0765 9.29502e-09
2.077 9.73422e-09
2.0775 1.01822e-08
2.078 1.0639e-08
2.0785 1.11044e-08
2.079 1.15784e-08
2.0795 1.20608e-08
2.08 1.25516e-08
2.0805 1.30507e-08
2.081 1.3558e-08
2.0815 1.40735e-08
2.082 1.4597e-08
2.0825 1.51284e-08
2.083 1.56677e-08
2.0835 1.62148e-08
2.084 1.67696e-08
2.0845 1.7332e-08
2.085 1.79019e-08
2.0855 1.84793e-08
2.086 1.9064e-08
2.0865 1.9656e-08
2.087 2.02552e-08
2.0875 2.08615e-08
2.088 2.14748e-08
2.0885 2.20951e-08
2.089 2.27223e-08
2.0895 2.33562e-08
2.09 2.39968e-08
2.0905 2.4644e-08
2.091 2.52978e-08
2.0915 2.5958e-08
2.092 2.66246e-08
2.0925 2.72975e-08
2.093 2.79766e-08
2.0935 2.86619e-08
2.094 2.93532e-08
2.0945 3.00504e-08
2.095 3.07536e-08
2.0955 3.14626e-08
2.096 3.21773e-08
2.0965 3.28977e-08
2.097 3.36236e-08
2.0975 3.43551e-08
2.098 3.5092e-08
2.0985 3.58343e-08
2.099 3.65818e-08
2.0995 3.73345e-08
2.1 3.80924e-08
2.1005 3.88553e-08
2.101 3.96232e-08
2.1015 4.03959e-08
2.102 4.11735e-08
2.1025 4.19558e-08
2.103 4.27428e-08
2.1035 4.35345e-08
2.104 4.43306e-08
2.1045 4.51312e-08
2.105 4.59361e-08
2.1055 4.67454e-08
2.106 4.75589e-08
2.1065 4.83765e-08
2.107 4.91983e-08
2.1075 5.00241e-08
2.108 5.08538e-08
2.1085 5.16874e-08
2.109 5.25247e-08
2.1095 5.33659e-08
2.11 5.42107e-08
2.1105 5.5059e-08
2.111 5.5911e-08
2.1115 5.67663e-08
2.112 5.76251e-08
2.1125 5.84871e-08
2.113 5.93524e-08
2.1135 6.02209e-08
2.114 6.10926e-08
2.1145 6.19672e-08
2.115 6.28449e-08
2.1155 6.37254e-08
2.116 6.46088e-08
2.1165 6.5495e-08
2.117 6.63839e-08
2.1175 6.72754e-08
2.118 6.81695e-08
2.1185 6.90662e-08
2.119 6.99653e-08
2.1195 7.08668e-08
2.12 7.17706e-08
2.1205 7.26767e-08
2.121 7.35849e-08
2.1215 7.44954e-08
2.122 7.54078e-08
2.1225 7.63223e-08
2.123 7.72388e-08
2.1235 7.81571e-08
2.124 7.90773e-08
2.1245 7.99992e-08
2.125 8.09228e-08
2.1255 8.18481e-08
2.126 8.2775e-08
2.1265 8.37033e-08
2.127 8.46332e-08
2.1275 8.55644e-08
2.128 8.6497e-08
2.1285 8.74309e-08
2.129 8.8366e-08
2.1295 8.93023e-08
2.13 9.02397e-08
2.1305 9.11782e-08
2.131 9.21176e-08
2.1315 9.3058e-08
2.132 9.39993e-08
2.1325 9.49414e-08
2.133 9.58843e-08
2.1335 9.68279e-08
2.134 9.77722e-08
2.1345 9.8717e-08
2.135 9.96625e-08
2.1355 1.00608e-07
2.136 1.01555e-07
2.1365 1.02502e-07
2.137 1.03449e-07
2.1375 1.04396e-07
2.138 1.05344e-07
2.1385 1.06291e-07
2.139 1.07239e-07
2.1395 1.08187e-07
2.14 1.09135e-07
2.1405 1.10084e-07
2.141 1.11031e-07
2.1415 1.11979e-07
2.142 1.12927e-07
2.1425 1.13874e-07
2.143 1.14821e-07
2.1435 1.15768e-07
2.144 1.16715e-07
2.1445 1.17661e-07
2.145 1.18606e-07
2.1455 1.19551e-07
2.146 1.20496e-07
2.1465 1.2144e-07
2.147 1.22383e-07
2.1475 1.23325e-07
2.148 1.24267e-07
2.1485 1.25208e-07
2.149 1.26148e-07
2.1495 1.27087e-07
2.15 1.28026e-07
2.1505 1.28963e-07
2.151 1.29899e-07
2.1515 1.30835e-07
2.152 1.31769e-07
2.1525 1.32702e-07
2.153 1.33633e-07
2.1535 1.34564e-07
2.154 1.35493e-07
2.1545 1.36421e-07
2.155 1.37348e-07
2.1555 1.38273e-07
2.156 1.39197e-07
2.1565 1.40119e-07
2.157 1.41039e-07
2.1575 1.41959e-07
2.158 1.42876e-07
2.1585 1.43792e-07
2.159 1.44706e-07
2.1595 1.45618e-07
2.16 1.46529e-07
2.1605 1.47438e-07
2.161 1.48345e-07
2.1615 1.4925e-07
2.162 1.50153e-07
2.1625 1.51054e-07
2.163 1.51954e-07
2.1635 1.52851e-07
2.164 1.53746e-07
2.1645 1.54639e-07
2.165 1.5553e-07
2.1655 1.56419e-07
2.166 1.57305e-07
2.1665 1.5819e-07
2.167 1.59072e-07
2.1675 1.59951e-07
2.168 1.60829e-07
2.1685 1.61704e-07
2.169 1.62576e-07
2.1695 1.63446e-07
2.17 1.64314e-07
2.1705 1.65179e-07
2.171 1.66041e-07
2.1715 1.66901e-07
2.172 1.67759e-07
2.1725 1.68613e-07
2.173 1.69466e-07
2.1735 1.70315e-07
2.174 1.71161e-07
2.1745 1.72005e-07
2.175 1.72846e-07
2.1755 1.73685e-07
2.176 1.7452e-07
2.1765 1.75353e-07
2.177 1.76182e-07
2.1775 1.77009e-07
2.178 1.77833e-07
2.1785 1.78653e-07
2.179 1.79471e-07
2.1795 1.80286e-07
2.18 1.81097e-07
2.1805 1.81906e-07
2.181 1.82711e-07
2.1815 1.83513e-07
2.182 1.84312e-07
2.1825 1.85108e-07
2.183 1.85901e-07
2.1835 1.8669e-07
2.184 1.87476e-07
2.1845 1.88259e-07
2.185 1.89038e-07
2.1855 1.89814e-07
2.186 1.90587e-07
2.1865 1.91356e-07
2.187 1.92122e-07
2.1875 1.92885e-07
2.188 1.93643e-07
2.1885 1.94399e-07
2.189 1.95151e-07
2.1895 1.95899e-07
2.19 1.96644e-07
2.1905 1.97386e-07
2.191 1.98123e-07
2.1915 1.98857e-07
2.192 1.99588e-07
2.1925 2.00315e-07
2.193 2.01038e-07
2.1935 2.01757e-07
2.194 2.02473e-07
2.1945 2.03185e-07
2.195 2.03893e-07
2.1955 2.04598e-07
2.196 2.05298e-07
2.1965 2.05995e-07
2.197 2.06688e-07
2.1975 2.07377e-07
2.198 2.08063e-07
2.1985 2.08744e-07
2.199 2.09422e-07
2.1995 2.10095e-07
2.2 2.10765e-07
2.2005 2.11431e-07
2.201 2.12093e-07
2.2015 2.12751e-07
2.202 2.13405e-07
2.2025 2.14055e-07
2.203 2.147e-07
2.2035 2.15342e-07
2.204 2.1598e-07
2.2045 2.16614e-07
2.205 2.17244e-07
2.2055 2.17869e-07
2.206 2.18491e-07
2.2065 2.19108e-07
2.207 2.19721e-07
2.2075 2.20331e-07
2.208 2.20936e-07
2.2085 2.21536e-07
2.209 2.22133e-07
2.2095 2.22725e-07
2.21 2.23314e-07
2.2105 2.23898e-07
2.211 2.24478e-07
2.2115 2.25053e-07
2.212 2.25625e-07
2.2125 2.26192e-07
2.213 2.26755e-07
2.2135 2.27314e-07
2.214 2.27868e-07
2.2145 2.28418e-07
2.215 2.28964e-07
2.2155 2.29505e-07
2.216 2.30042e-07
2.2165 2.30575e-07
2.217 2.31104e-07
2.2175 2.31628e-07
2.218 2.32148e-07
2.2185 2.32664e-07
2.219 2.33175e-07
2.2195 2.33682e-07
2.22 2.34184e-07
2.2205 2.34682e-07
2.221 2.35176e-07
2.2215 2.35665e-07
2.222 2.3615e-07
2.2225 2.36631e-07
2.223 2.37107e-07
2.2235 2.37578e-07
2.224 2.38046e-07
2.2245 2.38509e-07
2.225 2.38967e-07
2.2255 2.39421e-07
2.226 2.39871e-07
2.2265 2.40316e-07
2.227 2.40757e-07
2.2275 2.41193e-07
2.228 2.41625e-07
2.2285 2.42052e-07
2.229 2.42475e-07
2.2295 2.42894e-07
2.23 2.43308e-07
2.2305 2.43717e-07
2.231 2.44123e-07
2.2315 2.44523e-07
2.232 2.4492e-07
2.2325 2.45311e-07
2.233 2.45699e-07
2.2335 2.46081e-07
2.234 2.4646e-07
2.2345 2.46834e-07
2.235 2.47203e-07
2.2355 2.47568e-07
2.236 2.47929e-07
2.2365 2.48285e-07
2.237 2.48636e-07
2.2375 2.48983e-07
2.238 2.49326e-07
2.2385 2.49664e-07
2.239 2.49998e-07
2.2395 2.50327e-07
2.24 2.50652e-07
2.2405 2.50972e-07
2.241 2.51288e-07
2.2415 2.51599e-07
2.242 2.51906e-07
2.2425 2.52209e-07
2.243 2.52507e-07
2.2435 2.52801e-07
2.244 2.5309e-07
2.2445 2.53374e-07
2.245 2.53655e-07
2.2455 2.53931e-07
2.246 2.54202e-07
2.2465 2.54469e-07
2.247 2.54731e-07
2.2475 2.5499e-07
2.248 2.55243e-07
2.2485 2.55493e-07
2.249 2.55738e-07
2.2495 2.55978e-07
2.25 2.56214e-07
2.2505 2.56446e-07
2.251 2.56673e-07
2.2515 2.56896e-07
2.252 2.57115e-07
2.2525 2.57329e-07
2.253 2.57539e-07
2.2535 2.57744e-07
2.254 2.57945e-07
2.2545 2.58142e-07
2.255 2.58334e-07
2.2555 2.58522e-07
2.256 2.58706e-07
2.2565 2.58885e-07
2.257 2.5906e-07
2.2575 2.59231e-07
2.258 2.59398e-07
2.2585 2.5956e-07
2.259 2.59718e-07
2.2595 2.59871e-07
2.26 2.60021e-07
2.2605 2.60166e-07
2.261 2.60306e-07
2.2615 2.60443e-07
2.262 2.60575e-07
2.2625 2.60703e-07
2.263 2.60827e-07
2.2635 2.60947e-07
2.264 2.61062e-07
2.2645 2.61173e-07
2.265 2.6128e-07
2.2655 2.61383e-07
2.266 2.61482e-07
2.2665 2.61576e-07
2.267 2.61667e-07
2.2675 2.61753e-07
2.268 2.61835e-07
2.2685 2.61913e-07
2.269 2.61987e-07
2.2695 2.62057e-07
2.27 2.62122e-07
2.2705 2.62184e-07
2.271 2.62241e-07
2.2715 2.62295e-07
2.272 2.62344e-07
2.2725 2.62389e-07
2.273 2.62431e-07
2.2735 2.62468e-07
2.274 2.62501e-07
2.2745 2.6253e-07
2.275 2.62555e-07
2.2755 2.62577e-07
2.276 2.62594e-07
2.2765 2.62607e-07
2.277 2.62617e-07
2.2775 2.62622e-07
2.278 2.62624e-07
2.2785 2.62621e-07
2.279 2.62615e-07
2.2795 2.62605e-07
2.28 2.62591e-07
2.2805 2.62573e-07
2.281 2.62551e-07
2.2815 2.62526e-07
2.282 2.62496e-07
2.2825 2.62463e-07
2.283 2.62426e-07
2.2835 2.62386e-07
2.284 2.62341e-07
2.2845 2.62293e-07
2.285 2.62241e-07
2.2855 2.62185e-07
2.286 2.62125e-07
2.2865 2.62062e-07
2.287 2.61995e-07
2.2875 2.61925e-07
2.288 2.61851e-07
2.2885 2.61773e-07
2.289 2.61691e-07
2.2895 2.61606e-07
2.29 2.61517e-07
2.2905 2.61425e-07
2.291 2.61329e-07
2.2915 2.61229e-07
2.292 2.61126e-07
2.2925 2.6102e-07
2.293 2.6091e-07
2.2935 2.60796e-07
2.294 2.60679e-07
2.2945 2.60558e-07
2.295 2.60434e-07
2.2955 2.60306e-07
2.296 2.60175e-07
2.2965 2.60041e-07
2.297 2.59903e-07
2.2975 2.59762e-07
2.298 2.59617e-07
2.2985 2.59469e-07
2.299 2.59318e-07
2.2995 2.59164e-07
2.3 2.59006e-07
2.3005 2.58844e-07
2.301 2.5868e-07
2.3015 2.58512e-07
2.302 2.58341e-07
2.3025 2.58166e-07
2.303 2.57989e-07
2.3035 2.57808e-07
2.304 2.57624e-07
2.3045 2.57437e-07
2.305 2.57247e-07
2.3055 2.57053e-07
2.306 2.56856e-07
2.3065 2.56657e-07
2.307 2.56454e-07
2.3075 2.56248e-07
2.308 2.56039e-07
2.3085 2.55827e-07
2.309 2.55612e-07
2.3095 2.55394e-07
2.31 2.55173e-07
2.3105 2.54948e-07
2.311 2.54721e-07
2.3115 2.54491e-07
2.312 2.54258e-07
2.3125 2.54022e-07
2.313 2.53783e-07
2.3135 2.53542e-07
2.314 2.53297e-07
2.3145 2.5305e-07
2.315 2.52799e-07
2.3155 2.52546e-07
2.316 2.5229e-07
2.3165 2.52031e-07
2.317 2.5177e-07
2.3175 2.51506e-07
2.318 2.51239e-07
2.3185 2.50969e-07
2.319 2.50696e-07
2.3195 2.50421e-07
2.32 2.50143e-07
2.3205 2.49863e-07
2.321 2.49579e-07
2.3215 2.49294e-07
2.322 2.49005e-07
2.3225 2.48714e-07
2.323 2.48421e-07
2.3235 2.48124e-07
2.324 2.47826e-07
2.3245 2.47524e-07
2.325 2.47221e-07
2.3255 2.46914e-07
2.326 2.46606e-07
2.3265 2.46294e-07
2.327 2.45981e-07
2.3275 2.45665e-07
2.328 2.45346e-07
2.3285 2.45025e-07
2.329 2.44702e-07
2.3295 2.44376e-07
2.33 2.44048e-07
2.3305 2.43718e-07
2.331 2.43386e-07
2.3315 2.43051e-07
2.332 2.42713e-07
2.3325 2.42374e-07
2.333 2.42032e-07
2.3335 2.41688e-07
2.334 2.41342e-07
2.3345 2.40994e-07
2.335 2.40643e-07
2.3355 2.40291e-07
2.336 2.39936e-07
2.3365 2.39579e-07
2.337 2.3922e-07
2.3375 2.38859e-07
2.338 2.38496e-07
2.3385 2.3813e-07
2.339 2.37763e-07
2.3395 2.37394e-07
2.34 2.37022e-07
2.3405 2.36649e-07
2.341 2.36274e-07
2.3415 2.35896e-07
2.342 2.35517e-07
2.3425 2.35136e-07
2.343 2.34753e-07
2.3435 2.34368e-07
2.344 2.33981e-07
2.3445 2.33593e-07
2.345 2.33202e-07
2.3455 2.3281e-07
2.346 2.32416e-07
2.3465 2.3202e-07
2.347 2.31622e-07
2.3475 2.31222e-07
2.348 2.30821e-07
2.3485 2.30418e-07
2.349 2.30014e-07
2.3495 2.29607e-07
2.35 2.29199e-07
2.3505 2.2879e-07
2.351 2.28379e-07
2.3515 2.27966e-07
2.352 2.27551e-07
2.3525 2.27135e-07
2.353 2.26717e-07
2.3535 2.26298e-07
2.354 2.25877e-07
2.3545 2.25455e-07
2.355 2.25031e-07
2.3555 2.24606e-07
2.356 2.24179e-07
2.3565 2.23751e-07
2.357 2.23321e-07
2.3575 2.2289e-07
2.358 2.22458e-07
2.3585 2.22024e-07
2.359 2.21588e-07
2.3595 2.21152e-07
2.36 2.20714e-07
2.3605 2.20274e-07
2.361 2.19834e-07
2.3615 2.19392e-07
2.362 2.18948e-07
2.3625 2.18504e-07
2.363 2.18058e-07
2.3635 2.17611e-07
2.364 2.17163e-07
2.3645 2.16714e-07
2.365 2.16263e-07
2.3655 2.15811e-07
2.366 2.15358e-07
2.3665 2.14904e-07
2.367 2.14449e-07
2.3675 2.13993e-07
2.368 2.13535e-07
2.3685 2.13077e-07
2.369 2.12617e-07
2.3695 2.12157e-07
2.37 2.11695e-07
2.3705 2.11232e-07
2.371 2.10769e-07
2.3715 2.10304e-07
2.372 2.09838e-07
2.3725 2.09372e-07
2.373 2.08904e-07
2.3735 2.08436e-07
2.374 2.07967e-07
2.3745 2.07496e-07
2.375 2.07025e-07
2.3755 2.06553e-07
2.376 2.0608e-07
2.3765 2.05607e-07
2.377 2.05132e-07
2.3775 2.04657e-07
2.378 2.04181e-07
2.3785 2.03704e-07
2.379 2.03226e-07
2.3795 2.02748e-07
2.38 2.02269e-07
2.3805 2.01789e-07
2.381 2.01309e-07
2.3815 2.00827e-07
2.382 2.00345e-07
2.3825 1.99863e-07
2.383 1.9938e-07
2.3835 1.98896e-07
2.384 1.98411e-07
2.3845 1.97926e-07
2.385 1.97441e-07
2.3855 1.96954e-07
2.386 1.96468e-07
2.3865 1.9598e-07
2.387 1.95492e-07
2.3875 1.95004e-07
2.388 1.94515e-07
2.3885 1.94026e-07
2.389 1.93536e-07
2.3895 1.93045e-07
2.39 1.92555e-07
2.3905 1.92063e-07
2.391 1.91572e-07
2.3915 1.9108e-07
2.392 1.90587e-07
2.3925 1.90094e-07
2.393 1.89601e-07
2.3935 1.89107e-07
2.394 1.88613e-07
2.3945 1.88119e-07
2.395 1.87625e-07
2.3955 1.8713e-07
2.396 1.86634e-07
2.3965 1.86139e-07
2.397 1.85643e-07
2.3975 1.85147e-07
2.398 1.84651e-07
2.3985 1.84154e-07
2.399 1.83658e-07
2.3995 1.83161e-07
2.4 1.82664e-07
2.4005 1.82166e-07
2.401 1.81669e-07
2.4015 1.81171e-07
2.402 1.80674e-07
2.4025 1.80176e-07
2.403 1.79678e-07
2.4035 1.7918e-07
2.404 1.78681e-07
2.4045 1.78183e-07
2.405 1.77685e-07
2.4055 1.77186e-07
2.406 1.76688e-07
2.4065 1.76189e-07
2.407 1.75691e-07
2.4075 1.75192e-07
2.408 1.74694e-07
2.4085 1.74195e-07
2.409 1.73696e-07
2.4095 1.73198e-07
2.41 1.72699e-07
2.4105 1.72201e-07
2.411 1.71703e-07
2.4115 1.71204e-07
2.412 1.70706e-07
2.4125 1.70208e-07
2.413 1.6971e-07
2.4135 1.69212e-07
2.414 1.68715e-07
2.4145 1.68217e-07
2.415 1.6772e-07
2.4155 1.67222e-07
2.416 1.66725e-07
2.4165 1.66228e-07
2.417 1.65732e-07
2.4175 1.65235e-07
2.418 1.64739e-07
2.4185 1.64243e-07
2.419 1.63747e-07
2.4195 1.63252e-07
2.42 1.62756e-07
2.4205 1.62261e-07
2.421 1.61766e-07
2.4215 1.61272e-07
2.422 1.60778e-07
2.4225 1.60284e-07
2.423 1.5979e-07
2.4235 1.59297e-07
2.424 1.58804e-07
2.4245 1.58312e-07
2.425 1.57819e-07
2.4255 1.57328e-07
2.426 1.56836e-07
2.4265 1.56345e-07
2.427 1.55854e-07
2.4275 1.55364e-07
2.428 1.54874e-07
2.4285 1.54385e-07
2.429 1.53896e-07
2.4295 1.53407e-07
2.43 1.52919e-07
2.4305 1.52431e-07
2.431 1.51944e-07
2.4315 1.51457e-07
2.432 1.50971e-07
2.4325 1.50485e-07
2.433 1.5e-07
2.4335 1.49515e-07
2.434 1.49031e-07
2.4345 1.48547e-07
2.435 1.48064e-07
2.4355 1.47581e-07
2.436 1.47099e-07
2.4365 1.46617e-07
2.437 1.46136e-07
2.4375 1.45656e-07
2.438 1.45176e-07
2.4385 1.44697e-07
2.439 1.44218e-07
2.4395 1.4374e-07
2.44 1.43262e-07
2.4405 1.42785e-07
2.441 1.42309e-07
2.4415 1.41834e-07
2.442 1.41359e-07
2.4425 1.40884e-07
2.443 1.40411e-07
2.4435 1.39938e-07
2.444 1.39465e-07
2.4445 1.38994e-07
2.445 1.38523e-07
2.4455 1.38052e-07
2.446 1.37583e-07
2.4465 1.37114e-07
2.447 1.36646e-07
2.4475 1.36178e-07
2.448 1.35711e-07
2.4485 1.35245e-07
2.449 1.3478e-07
2.4495 1.34316e-07
2.45 1.33852e-07
2.4505 1.33389e-07
2.451 1.32927e-07
2.4515 1.32465e-07
2.452 1.32004e-07
2.4525 1.31545e-07
2.453 1.31085e-07
2.4535 1.30627e-07
2.454 1.30169e-07
2.4545 1.29713e-07
2.455 1.29257e-07
2.4555 1.28802e-07
2.456 1.28347e-07
2.4565 1.27894e-07
2.457 1.27441e-07
2.4575 1.2699e-07
2.458 1.26539e-07
2.4585 1.26088e-07
2.459 1.25639e-07
2.4595 1.25191e-07
2.46 1.24743e-07
2.4605 1.24297e-07
2.461 1.23851e-07
2.4615 1.23406e-07
2.462 1.22962e-07
2.4625 1.22519e-07
2.463 1.22077e-07
2.4635 1.21635e-07
2.464 1.21195e-07
2.4645 1.20756e-07
2.465 1.20317e-07
2.4655 1.19879e-07
2.466 1.19443e-07
2.4665 1.19007e-07
2.467 1.18572e-07
2.4675 1.18138e-07
2.468 1.17705e-07
2.4685 1.17273e-07
2.469 1.16842e-07
2.4695 1.16412e-07
2.47 1.15983e-07
2.4705 1.15555e-07
2.471 1.15127e-07
2.4715 1.14701e-07
2.472 1.14276e-07
2.4725 1.13851e-07
2.473 1.13428e-07
2.4735 1.13006e-07
2.474 1.12584e-07
2.4745 1.12164e-07
2.475 1.11745e-07
2.4755 1.11326e-07
2.476 1.10909e-07
2.4765 1.10493e-07
2.477 1.10077e-07
2.4775 1.09663e-07
2.478 1.0925e-07
2.4785 1.08838e-07
2.479 1.08426e-07
2.4795 1.08016e-07
2.48 1.07607e-07
2.4805 1.07199e-07
2.481 1.06792e-07
2.4815 1.06386e-07
2.482 1.05981e-07
2.4825 1.05577e-07
2.483 1.05174e-07
2.4835 1.04772e-07
2.484 1.04371e-07
2.4845 1.03972e-07
2.485 1.03573e-07
2.4855 1.03175e-07
2.486 1.02779e-07
2.4865 1.02383e-07
2.487 1.01989e-07
2.4875 1.01595e-07
2.488 1.01203e-07
2.4885 1.00812e-07
2.489 1.00422e-07
2.4895 1.00033e-07
2.49 9.96449e-08
2.4905 9.92581e-08
2.491 9.88723e-08
2.4915 9.84876e-08
2.492 9.8104e-08
2.4925 9.77216e-08
2.493 9.73402e-08
2.4935 9.69599e-08
2.494 9.65807e-08
2.4945 9.62026e-08
2.495 9.58256e-08
2.4955 9.54497e-08
2.496 9.5075e-08
2.4965 9.47013e-08
2.497 9.43287e-08
2.4975 9.39573e-08
2.498 9.3587e-08
2.4985 9.32178e-08
2.499 9.28497e-08
2.4995 9.24827e-08
